plant_name,2009-05-30_to_2009-06-05,2009-07-11_to_2009-07-17,2009-07-18_to_2009-07-24,2009-07-25_to_2009-07-31,2009-08-01_to_2009-08-07,2009-08-08_to_2009-08-14,2009-08-15_to_2009-08-21,2009-08-22_to_2009-08-28,2009-08-29_to_2009-09-04,2009-09-05_to_2009-09-11,2009-09-12_to_2009-09-18,2009-09-19_to_2009-09-25,2009-09-26_to_2009-10-02,2009-10-03_to_2009-10-09,2009-10-10_to_2009-10-16,2009-10-17_to_2009-10-23,2009-10-24_to_2009-10-30,2009-10-31_to_2009-11-06,2009-11-07_to_2009-11-13,2009-11-14_to_2009-11-20,2009-11-21_to_2009-11-27,2009-11-28_to_2009-12-04,2009-12-05_to_2009-12-11,2009-12-12_to_2009-12-18,2009-12-19_to_2009-12-25,2009-12-26_to_2010-01-01,2010-01-02_to_2010-01-08,2010-01-09_to_2010-01-15,2010-01-16_to_2010-01-22,2010-01-23_to_2010-01-29,2010-01-30_to_2010-02-05,2010-02-06_to_2010-02-12,2010-02-13_to_2010-02-19,2010-02-20_to_2010-02-26,2010-02-27_to_2010-03-05,2010-03-06_to_2010-03-12,2010-03-13_to_2010-03-19,2010-03-20_to_2010-03-26,2010-03-27_to_2010-04-02,2010-04-03_to_2010-04-09,2010-04-10_to_2010-04-16,2010-04-17_to_2010-04-23,2010-04-24_to_2010-04-30,2010-05-01_to_2010-05-07,2010-05-08_to_2010-05-14,2010-05-15_to_2010-05-21,2010-05-22_to_2010-05-28,2010-05-29_to_2010-06-04,2010-06-05_to_2010-06-11,2010-06-12_to_2010-06-18,2010-06-19_to_2010-06-25,2010-06-26_to_2010-07-02,2010-07-03_to_2010-07-09,2010-07-10_to_2010-07-16,2010-07-17_to_2010-07-23,2010-07-24_to_2010-07-30,2010-07-31_to_2010-08-06,2010-08-07_to_2010-08-13,2010-08-14_to_2010-08-20,2010-08-21_to_2010-08-27,2010-08-28_to_2010-09-03,2010-09-04_to_2010-09-10,2010-09-11_to_2010-09-17,2010-09-18_to_2010-09-24,2010-09-25_to_2010-10-01,2010-10-02_to_2010-10-08,2010-10-09_to_2010-10-15,2010-10-16_to_2010-10-22,2010-10-23_to_2010-10-29,2010-10-30_to_2010-11-05,2010-11-06_to_2010-11-12,2010-11-13_to_2010-11-19,2010-11-20_to_2010-11-26,2010-11-27_to_2010-12-03,2010-12-04_to_2010-12-10,2010-12-11_to_2010-12-17,2010-12-18_to_2010-12-24,2010-12-25_to_2010-12-31,2011-01-01_to_2011-01-07,2011-01-08_to_2011-01-14,2011-01-15_to_2011-01-21,2011-01-22_to_2011-01-28,2011-01-29_to_2011-02-04,2011-02-05_to_2011-02-11,2011-02-12_to_2011-02-18,2011-02-19_to_2011-02-25,2011-02-26_to_2011-03-04,2011-03-05_to_2011-03-11,2011-03-12_to_2011-03-18,2011-03-19_to_2011-03-25,2011-03-26_to_2011-04-01,2011-04-02_to_2011-04-08,2011-04-09_to_2011-04-15,2011-04-16_to_2011-04-22,2011-04-23_to_2011-04-29,2011-04-30_to_2011-05-06,2011-05-07_to_2011-05-13,2011-05-14_to_2011-05-20,2011-05-21_to_2011-05-27,2011-05-28_to_2011-06-03,2011-06-04_to_2011-06-10,2011-06-11_to_2011-06-17,2011-06-18_to_2011-06-24,2011-06-25_to_2011-07-01,2011-07-02_to_2011-07-08,2011-07-09_to_2011-07-15,2011-07-16_to_2011-07-22,2011-07-23_to_2011-07-29,2011-07-30_to_2011-08-05,2011-08-06_to_2011-08-12,2011-08-13_to_2011-08-19,2011-08-20_to_2011-08-26,2011-08-27_to_2011-09-02,2011-09-03_to_2011-09-09,2011-09-10_to_2011-09-16,2011-09-17_to_2011-09-23,2011-09-24_to_2011-09-30,2011-10-01_to_2011-10-07,2011-10-08_to_2011-10-14,2011-10-15_to_2011-10-21,2011-10-22_to_2011-10-28,2011-10-29_to_2011-11-04,2011-11-05_to_2011-11-11,2011-11-12_to_2011-11-18,2011-11-19_to_2011-11-25,2011-11-26_to_2011-12-02,2011-12-03_to_2011-12-09,2011-12-10_to_2011-12-16,2011-12-17_to_2011-12-23,2011-12-24_to_2011-12-30,2011-12-31_to_2012-01-06,2012-01-07_to_2012-01-13,2012-01-14_to_2012-01-20,2012-01-21_to_2012-01-27,2012-01-28_to_2012-02-03,2012-02-04_to_2012-02-10,2012-02-11_to_2012-02-17,2012-02-18_to_2012-02-24,2012-02-25_to_2012-03-02,2012-03-03_to_2012-03-09,2012-03-10_to_2012-03-16,2012-03-17_to_2012-03-23,2012-03-24_to_2012-03-30,2012-03-31_to_2012-04-06,2012-04-07_to_2012-04-13,2012-04-14_to_2012-04-20,2012-04-21_to_2012-04-27,2012-04-28_to_2012-05-04,2012-05-05_to_2012-05-11,2012-05-12_to_2012-05-18,2012-05-19_to_2012-05-25,2012-05-26_to_2012-06-01,2012-06-02_to_2012-06-08,2012-06-09_to_2012-06-15,2012-06-16_to_2012-06-22,2012-06-23_to_2012-06-29,2012-06-30_to_2012-07-06,2012-07-07_to_2012-07-13,2012-07-14_to_2012-07-20,2012-07-21_to_2012-07-27,2012-07-28_to_2012-08-03,2012-08-04_to_2012-08-10,2012-08-11_to_2012-08-17,2012-08-18_to_2012-08-24,2012-08-25_to_2012-08-31,2012-09-01_to_2012-09-07,2012-09-08_to_2012-09-14,2012-09-15_to_2012-09-21,2012-09-22_to_2012-09-28,2012-09-29_to_2012-10-05,2012-10-06_to_2012-10-12,2012-10-20_to_2012-10-26,2012-10-27_to_2012-11-02,2012-11-03_to_2012-11-09,2012-11-10_to_2012-11-16,2012-11-17_to_2012-11-23,2012-11-24_to_2012-11-30,2012-12-01_to_2012-12-07,2012-12-08_to_2012-12-14,2012-12-15_to_2012-12-21,2012-12-22_to_2012-12-28,2012-12-29_to_2013-01-04,2013-01-05_to_2013-01-11,2013-01-12_to_2013-01-18,2013-01-19_to_2013-01-25,2013-01-26_to_2013-02-01,2013-02-02_to_2013-02-08,2013-02-09_to_2013-02-15,2013-02-16_to_2013-02-22,2013-02-23_to_2013-03-01,2013-03-09_to_2013-03-15,2013-03-16_to_2013-03-22,2013-03-23_to_2013-03-29,2013-03-30_to_2013-04-05,2013-04-06_to_2013-04-12,2013-04-13_to_2013-04-19,2013-04-20_to_2013-04-26,2013-04-27_to_2013-05-03,2013-05-04_to_2013-05-10,2013-05-11_to_2013-05-17,2013-05-18_to_2013-05-24,2013-05-25_to_2013-05-31,2013-06-01_to_2013-06-07,2013-06-08_to_2013-06-14,2013-06-15_to_2013-06-21,2013-06-22_to_2013-06-28,2013-06-29_to_2013-07-05,2013-07-06_to_2013-07-12,2013-07-13_to_2013-07-19,2013-07-20_to_2013-07-26,2013-07-27_to_2013-08-02,2013-08-03_to_2013-08-09,2013-08-10_to_2013-08-16,2013-08-17_to_2013-08-23,2013-08-24_to_2013-08-30,2013-08-31_to_2013-09-06,2013-09-07_to_2013-09-13,2013-09-14_to_2013-09-20,2013-09-21_to_2013-09-27,2013-09-28_to_2013-10-04,2013-10-05_to_2013-10-11,2013-10-12_to_2013-10-18,2013-10-19_to_2013-10-25,2013-10-26_to_2013-11-01,2013-11-02_to_2013-11-08,2013-11-09_to_2013-11-15,2013-11-16_to_2013-11-22,2013-11-23_to_2013-11-29,2013-11-30_to_2013-12-06,2013-12-07_to_2013-12-13,2013-12-14_to_2013-12-20,2013-12-21_to_2013-12-27,2013-12-28_to_2014-01-03,2014-01-04_to_2014-01-10,2014-01-11_to_2014-01-17,2014-01-18_to_2014-01-24,2014-01-25_to_2014-01-31,2014-02-01_to_2014-02-07,2014-02-08_to_2014-02-14,2014-02-15_to_2014-02-21,2014-02-22_to_2014-02-28,2014-03-01_to_2014-03-07,2014-03-08_to_2014-03-14,2014-03-15_to_2014-03-21,2014-03-22_to_2014-03-28,2014-03-29_to_2014-04-04,2014-04-05_to_2014-04-11,2014-04-12_to_2014-04-18,2014-04-19_to_2014-04-25,2014-04-26_to_2014-05-02,2014-05-03_to_2014-05-09,2014-05-10_to_2014-05-16,2014-05-17_to_2014-05-23,2014-05-24_to_2014-05-30,2014-05-31_to_2014-06-06,2014-06-07_to_2014-06-13,2014-06-14_to_2014-06-20,2014-06-21_to_2014-06-27,2014-06-28_to_2014-07-04,2014-07-05_to_2014-07-11,2014-07-12_to_2014-07-18,2014-07-19_to_2014-07-25,2014-07-26_to_2014-08-01,2014-08-02_to_2014-08-08,2014-08-09_to_2014-08-15,2014-08-16_to_2014-08-22,2014-08-23_to_2014-08-29,2014-08-30_to_2014-09-05,2014-09-06_to_2014-09-12,2014-09-13_to_2014-09-19,2014-09-20_to_2014-09-26,2014-09-27_to_2014-10-03,2014-10-04_to_2014-10-10,2014-10-11_to_2014-10-17,2014-10-18_to_2014-10-24,2014-10-25_to_2014-10-31,2014-11-01_to_2014-11-07,2014-11-08_to_2014-11-14,2014-11-15_to_2014-11-21,2014-11-22_to_2014-11-28,2014-11-29_to_2014-12-05,2014-12-06_to_2014-12-12,2014-12-13_to_2014-12-19,2014-12-20_to_2014-12-26,2014-12-27_to_2015-01-02,2015-01-03_to_2015-01-09,2015-01-10_to_2015-01-16,2015-01-17_to_2015-01-23,2015-01-24_to_2015-01-30,2015-01-31_to_2015-02-06,2015-02-07_to_2015-02-13,2015-02-14_to_2015-02-20,2015-02-21_to_2015-02-27,2015-02-28_to_2015-03-06,2015-03-07_to_2015-03-13,2015-03-14_to_2015-03-20,2015-03-21_to_2015-03-27,2015-03-28_to_2015-04-03,2015-04-04_to_2015-04-10,2015-04-11_to_2015-04-17,2015-04-18_to_2015-04-24,2015-04-25_to_2015-05-01,2015-05-02_to_2015-05-08,2015-05-09_to_2015-05-15,2015-05-16_to_2015-05-22,2015-05-23_to_2015-05-29,2015-05-30_to_2015-06-05,2015-06-06_to_2015-06-12,2015-06-13_to_2015-06-19,2015-06-20_to_2015-06-26,2015-06-27_to_2015-07-03,2015-07-04_to_2015-07-10,2015-07-11_to_2015-07-17,2015-07-18_to_2015-07-24,2015-07-25_to_2015-07-31,2015-08-01_to_2015-08-07,2015-08-08_to_2015-08-14,2015-08-15_to_2015-08-21,2015-08-22_to_2015-08-28,2015-08-29_to_2015-09-04,2015-09-05_to_2015-09-11,2015-09-12_to_2015-09-18,2015-09-19_to_2015-09-25,2015-09-26_to_2015-10-02,2015-10-03_to_2015-10-09,2015-10-10_to_2015-10-16,2015-10-17_to_2015-10-23,2015-10-24_to_2015-10-30,2015-10-31_to_2015-11-06,2015-11-07_to_2015-11-13,2015-11-14_to_2015-11-20,2015-11-21_to_2015-11-27,2015-11-28_to_2015-12-04,2015-12-05_to_2015-12-11,2015-12-12_to_2015-12-18,2015-12-19_to_2015-12-25,2015-12-26_to_2016-01-01,2016-01-02_to_2016-01-08,2016-01-09_to_2016-01-15,2016-01-16_to_2016-01-22,2016-01-23_to_2016-01-29,2016-01-30_to_2016-02-05,2016-02-06_to_2016-02-12,2016-02-13_to_2016-02-19,2016-02-20_to_2016-02-26,2016-02-27_to_2016-03-04,2016-03-05_to_2016-03-11,2016-03-12_to_2016-03-18,2016-03-19_to_2016-03-25,2016-03-26_to_2016-04-01,2016-04-02_to_2016-04-08,2016-04-09_to_2016-04-15,2016-04-16_to_2016-04-22,2016-04-23_to_2016-04-29,2016-04-30_to_2016-05-06,2016-05-07_to_2016-05-13,2016-05-14_to_2016-05-20,2016-05-21_to_2016-05-27,2016-05-28_to_2016-06-03,2016-06-04_to_2016-06-10,2016-06-11_to_2016-06-17,2016-06-18_to_2016-06-24,2016-06-25_to_2016-07-01,2016-07-02_to_2016-07-08,2016-07-09_to_2016-07-15,2016-07-16_to_2016-07-22,2016-07-23_to_2016-07-29,2016-07-30_to_2016-08-05,2016-08-06_to_2016-08-12,2016-08-13_to_2016-08-19,2016-08-20_to_2016-08-26,2016-08-27_to_2016-09-02,2016-09-03_to_2016-09-09,2016-09-10_to_2016-09-16,2016-09-17_to_2016-09-23,2016-09-24_to_2016-09-30,2016-10-01_to_2016-10-07,2016-10-08_to_2016-10-14,2016-10-15_to_2016-10-21,2016-10-22_to_2016-10-28,2016-10-29_to_2016-11-04,2016-11-05_to_2016-11-11,2016-11-12_to_2016-11-18,2016-11-19_to_2016-11-25,2016-11-26_to_2016-12-02,2016-12-03_to_2016-12-09,2016-12-10_to_2016-12-16,2016-12-17_to_2016-12-23,2016-12-24_to_2016-12-30,2016-12-31_to_2017-01-06,2017-01-07_to_2017-01-13,2017-01-14_to_2017-01-20,2017-01-21_to_2017-01-27
CERRO CHATO I,,,,,,,,,,,,,,,,,,,,,,,,,,,,,,,,,,,,,,,,,,,,,,,,,,,,,,,,,,,,,,,,,,,,,,,,,,,,,,,,,,,,,,,,,,,,,,,,,,,,,,,,,,,,,,,,,,,,,,,,,,,,,,,,,,,,,,,,,,,,,,,,,,,,,,,,,,,,,3360,1848,1848,2016,2688,2520,2520,2688,1848,2520,1848,2856,2856,1680,3024,2016,1344,1008,2688,1512,1680,1344,1344,1512,2688,1680,1344,1512,2352,1008,2184,672,1176,2016,1008,2688,1512,3696,2352,840,504,2352,1512,1176,1008,1848,840,1008,2352,1344,2352,2388.96,1923.6,1888.32,1480.08,2289.84,1285.2,3265.92,2481.36,1688.4,2751.84,2187.36,3126.48,1384.32,2419.2,962.64,2540.16,3380.16,2303.28,2550.24,1703.52,1716.96,1698.48,1512,1513.68,1196.16,1281.84,1196.16,1417.92,1977.36,1824.48,2493.12,2405.76,2247.84,1396.08,1275.12,1517.04,1822.8,1345.68,2619.12,1901.76,1449.84,1367.52,2061.36,761.04,1340.64,2098.32,1139.04,1879.92,2877.84,1575.84,2612.4,2224.32,2724.96,2394,2000.88,2000.88,2847.6,1790.88,789.6,3030.72,2714.88,2731.68,1548.96,2202.48,3218.88,2543.52,2412.48,1431.36,1557.36,2367.12,749.28,1422.96,1584.24,1918.56,1925.28,1275.12,1664.88,781.2,1145.76,1060.08,1864.8,1300.32,1364.16,887.04,1891.68,939.12,1207.92,1473.36,1312.08,1893.36,687.12,1399.44,1737.12,1320.48,1757.28,1164.24,1604.4,1291.92,2390.64,1023.12,1725.36,2036.16,2555.28,2116.8,1632.96,1515.36,1402.8,2131.92,3544.8,2219.28,2118.48,2617.44,2746.8,1512,2904.72,2306.64,1797.6,2531.76,2518.32,2721.6,2409.12,2926.56,0,0,0,0,0,0,0,0,,,,,,,,,,,,,,,,,,,,,,,,,,,,,,,,,,,,,,,,,,,,,,,,,,,,,,,,
CERRO CHATO II,,,,,,,,,,,,,,,,,,,,,,,,,,,,,,,,,,,,,,,,,,,,,,,,,,,,,,,,,,,,,,,,,,,,,,,,,,,,,,,,,,,,,,,,,,,,,,,,,,,,,,,,,,,,,,,,,,,,,,,,,,,,,,,,,,,,,,,,,,,,,,,,,,,,,,,,,,,,,3192,1680,1848,2184,2856,2520,2352,2184,1680,2352,1848,2688,2856,1512,3024,2016,1512,1008,2856,1680,1680,1344,1176,1512,2352,1680,1512,1512,2352,1176,2016,672,1176,2016,1008,2688,1680,3696,2352,1008,672,2520,1680,1344,1176,1848,1008,1176,2520,1344,2352,2501.52,2074.8,2046.24,1540.56,2257.92,1372.56,3297.84,2706.48,1824.48,2701.44,2266.32,3247.44,1476.72,2454.48,1016.4,2587.2,3440.64,2414.16,2509.92,1790.88,1775.76,1806,1602.72,1585.92,1223.04,1360.8,1300.32,1448.16,2068.08,2061.36,2568.72,2513.28,2247.84,1441.44,1382.64,1569.12,1878.24,1466.64,2827.44,2005.92,1622.88,1522.08,2153.76,828.24,1419.6,2289.84,1229.76,2046.24,2931.6,1626.24,2656.08,2291.52,2938.32,2533.44,1695.12,2130.24,3005.52,1958.88,897.12,3178.56,2899.68,3022.32,1725.36,2446.08,3486,2775.36,2679.6,1656.48,1716.96,2593.92,841.68,1503.6,1718.64,2173.92,2094.96,1471.68,1711.92,856.8,1340.64,1206.24,2058,1396.08,1456.56,957.6,2098.32,1004.64,1241.52,1498.56,1328.88,1901.76,702.24,1337.28,1750.56,1323.84,1911.84,1523.76,1639.68,1344,2525.04,996.24,1777.44,2189.04,2607.36,2229.36,1720.32,1607.76,1476.72,2180.64,3588.48,2357.04,2173.92,2704.8,2783.76,1555.68,2886.24,2281.44,1839.6,2590.56,2587.2,2857.68,2390.64,2829.12,0,0,0,0,0,0,0,0,,,,,,,,,,,,,,,,,,,,,,,,,,,,,,,,,,,,,,,,,,,,,,,,,,,,,,,,
CERRO CHATO III,,,,,,,,,,,,,,,,,,,,,,,,,,,,,,,,,,,,,,,,,,,,,,,,,,,,,,,,,,,,,,,,,,,,,,,,,,,,,,,,,,,,,,,,,,,,,,,,,,,,,,,,,,,,2520,3360,3192,3696,2016,2856,2688,2856,1344,2352,2352,1680,1512,2688,2688,2016,2856,1512,1344,1848,1344,1512,2688,2184,2352,1680,1512,2016,1848,840,1848,1848,1344,1512,1512,1512,1512,1512,840,1848,1512,1344,2184,1176,1512,1680,2184,1176,2520,3360,1848,1848,2016,2856,2520,2520,2688,1680,2520,1848,2688,2856,1512,3192,2016,1344,1008,2688,1680,1680,1344,1344,1680,2520,1848,1512,1512,2352,1176,2184,672,1176,2184,1008,2352,1848,4032,2352,840,672,2184,1680,1344,1008,1848,840,1176,2352,1344,2520,2394,1980.72,2044.56,1481.76,2279.76,1350.72,3306.24,2654.4,1832.88,2609.04,2190.72,3086.16,1404.48,2417.52,996.24,2526.72,3412.08,2306.64,2572.08,1750.56,1779.12,1851.36,1496.88,1543.92,1218,1298.64,1256.64,1433.04,1974,2066.4,2419.2,2383.92,2173.92,1380.96,1318.8,1528.8,1851.36,1380.96,2657.76,1906.8,1567.44,1476.72,2123.52,792.96,1422.96,2207.52,1177.68,1895.04,2856,1579.2,2677.92,2261.28,2593.92,2340.24,2042.88,2078.16,2866.08,1797.6,905.52,3183.6,2808.96,2992.08,1720.32,2313.36,3460.8,2709.84,2646,1621.2,1700.16,2567.04,798,1518.72,1775.76,2113.44,2042.88,1480.08,1792.56,880.32,1317.12,1204.56,2032.8,1387.68,1470,937.44,2068.08,991.2,1260,1545.6,1308.72,1879.92,700.56,1362.48,1748.88,1293.6,1863.12,1160.88,1632.96,1375.92,2488.08,1044.96,1742.16,2153.76,2588.88,2113.44,1760.64,1555.68,1421.28,2291.52,3522.96,2404.08,2168.88,2575.44,2792.16,1525.44,2936.64,2350.32,1765.68,2516.64,2541.84,2724.96,2432.64,2958.48,0,0,0,0,0,0,0,0,,,,,,,,,,,,,,,,,,,,,,,,,,,,,,,,,,,,,,,,,,,,,,,,,,,,,,,,
CJU_BAARAC,,,,,,,,,,,,,,,,,,,,,,,,,,,,,,,,,,,,,,,,,,,,,,,,,,,,,,,,,,,,,,,,,,,,,,,,,,,,,,,,,,,,,,,,,,,,,,,,,,,,,,,,,,,,,,,,,,,,,,,,,,,,,,,,,,,,,,,,,,,,,,,,,,,,,,,,,,,,,,,,,,,,,,,,,,,,,,,,,,,,,,,,,,,,,,,,,,,,,,,,,,,,,,,,,,,,,,,,,,,,,,,,,,,,,,,,,,,,,,,,,,,,,,,,,,,,,,,,,,,,,,,,,,,,,,,,,,,,,,,,,,,,,,,,,,,,,,,,,,,,,,,,,,,,,,,,,,,,,,,,,,,,,,,,,,,,,,,,,,,,,,,,,,,,,,,,,,,,,,,,,,,,,,,,,,,,,,,,,,,,,,,,,,,,0,0,0,0,0,0
CJU_BAASRA,,,,,,,,,,,,,,,,,,,,,,,,,,,,,,,,,,,,,,,,,,,,,,,,,,,,,,,,,,,,,,,,,,,,,,,,,,,,,,,,,,,,,,,,,,,,,,,,,,,,,,,,,,,,,,,,,,,,,,,,,,,,,,,,,,,,,,,,,,,,,,,,,,,,,,,,,,,,,,,,,,,,,,,,,,,,,,,,,,,,,,,,,,,,,,,,,,,,,,,,,,,,,,,,,,,,,,,,,,,,,,,,,,,,,,,,,,,,,,,,,,,,,,,,,,,,,,,,,,,,,,,,,,,,,,,,,,,,,,,,,,,,,,,,,,,,,,,,,,,,,,,,,,,,,,,,,,,,,,,,,,,,,,,,,,,,,,,,,,0,67.2,100.8,33.6,436.8,1327.2,1629.6,3326.4,3679.2,4720.8,6350.4,6132,7677.6,6249.6,8013.6,9004.8,7408.8,7576.8,6585.6,7425.6,7089.6,6232.8,4922.4,6820.8,8685.6,8484,7828.8,7728,6434.4,8433.6,8736,6568.8,7812,7576.8,9088.8,8954.4,8064,6854.4,6182.4,4922.4,7963.2,0,0,0,0,0,0,0,0,0,0,0,0,0,0,0
CJU_BACABC,,,,,,,,,,,,,,,,,,,,,,,,,,,,,,,,,,,,,,,,,,,,,,,,,,,,,,,,,,,,,,,,,,,,,,,,,,,,,,,,,,,,,,,,,,,,,,,,,,,,,,,,,,,,,,,,,,,,,,,,,,,,,,,,,,,,,,,,,,,,,,,,,,,,,,,,,,,,,,,,,,,,,,,,,,,,,,,,,,,,,,,,,,,,,,,,,,,,,,,,,,,,,,,,,,,,,,,,,,,,,,,,,,,,,,,,,,,,,,,,,,,,,,,,,,,,,,,,,,,,,,,,,,,,,,,,,,,,,,,,,,,,,,,,,,,,,,,,,,,,,,,,,,,,,,,,,,,,,,,,,,,,,,,,,,,,,,,,,,,,,,,,,,,,,,,,,,,,,,,,,,,,,,,,,,,,,,,,,,,0,0,0,0,0,0,0,0,0,0,0,0,0,0,0
CJU_BACATT,,,,,,,,,,,,,,,,,,,,,,,,,,,,,,,,,,,,,,,,,,,,,,,,,,,,,,,,,,,,,,,,,,,,,,,,,,,,,,,,,,,,,,,,,,,,,,,,,,,,,,,,,,,,,,,,,,,,,,,,,,,,,,,,,,,,,,,,,,,,,,,,,,,,,,,,,,,,,,,,,,,,,,,,,,,,,,,,,,,,,,,,,,,,,,,,,,,,,,,,,,,,,,,,,,,,,,,,,,,,,,,,,,,,,,,,,,,,,,,,,,,,,,,,,,,,,,,,,,,,,,,,,,,,,,,,,,,,,,,,,,,,,,,,,,,,,,,,,,,,,,,,,,,,,,,,,,,,,,,,,,,,,,,,,,,,,,,,,,,,,,,,,,,,,,,,,,,,,,,,,,,,,,,,10617.6,4552.8,6636,9223.2,12196.8,10080,9038.4,8400,4972.8,7593.6,10332,7593.6,6804,11709.6,8148,1579.2,4653.6,6972,1965.6,285.6,0,0,0,0,0,0
CJU_BACGPN,,,,,,,,,,,,,,,,,,,,,,,,,,,,,,,,,,,,,,,,,,,,,,,,,,,,,,,,,,,,,,,,,,,,,,,,,,,,,,,,,,,,,,,,,,,,,,,,,,,,,,,,,,,,,,,,,,,,,,,,,,,,,,,,,,,,,,,,,,,,,,,,,,,,,,,,,,,,,,,,,,,,,,,,,,,,,,,,,,,,,,,,,,,,,,,,,,,,,,,,,,,,,,,,,,,,,,,,,,,,,,,,,,,,,,,,,,,,,,,,,,,,,,,,,,,,,,,,,,,,,,,,,,,,,,,,,,,,,,,,,,,,,,,,,,,,,,,,,,,,,,,,,,,,,,,,,,,,,,,,,,,,,,,,,,,,,,,,,,,,,,,,,,,,,,,,,,,,,,,,,,,,,,,,,,,,,,,,,,,0,0,0,0,0,0,0,0,0,0,0,0,0,0,0
CJU_BACVNT,,,,,,,,,,,,,,,,,,,,,,,,,,,,,,,,,,,,,,,,,,,,,,,,,,,,,,,,,,,,,,,,,,,,,,,,,,,,,,,,,,,,,,,,,,,,,,,,,,,,,,,,,,,,,,,,,,,,,,,,,,,,,,,,,,,,,,,,,,,,,,,,,,,,,,,,,,,,,,,,,,,,,,,,,,,,,,,,,,,,,,,,,,,,,,,,,,,,,,,,,,,,,,,,,,,,,,,,,,,,,,,,,,,,,,,,,,,,,,,,,,,,,,,,,,,,,,,,,,,,,,,,,,,,,,,,,,,,,,,,,,,,,,,,,,,,,,,,,,,,,,,,,,,,,,,,,,,,,,,,,,,,,,,,,,,,,,,,,,1344,2452.8,1125.6,1310.4,5208,2755.2,3645.6,5829.6,4334.4,3024,5023.2,3847.2,5661.6,4435.2,5275.2,7492.8,4149.6,4065.6,4468.8,4821.6,4788,2604,1192.8,4569.6,6316.8,8181.6,5863.2,4048.8,3477.6,7240.8,7274.4,3175.2,4065.6,5661.6,7526.4,6669.6,5997.6,5476.8,2956.8,4300.8,6400.8,4502.4,4418.4,7190.4,4704,688.8,840,4687.2,1293.6,2234.4,0,0,0,0,0,0
CJU_BAIGAL,,,,,,,,,,,,,,,,,,,,,,,,,,,,,,,,,,,,,,,,,,,,,,,,,,,,,,,,,,,,,,,,,,,,,,,,,,,,,,,,,,,,,,,,,,,,,,,,,,,,,,,,,,,,,,,,,,,,,,,,,,,,,,,,,,,,,,,,,,,,,,,,,,,,,,,,,,,,,,,,,,,,,,,,,,,,,,,,,,,,,,,,,,,,,,,,,,,,,,,,,,,,,,,,,,,,,,,,,,,,,,,,,,,,,,,,,,,,,,,,,,,,,,,,,,,,,,,,,,,,,,,,,,,,,,,,,,,,,,,,,,,,,,,,,,,,,,,,,,,,,,,,,,,,,,,,,,,,,,,,,,,,,,,,,,,,,,,,,,823.2,1629.6,621.6,907.2,3645.6,1982.4,1999.2,3192,2452.8,1948.8,3124.8,2553.6,3326.4,2553.6,3141.6,4032,2083.2,2032.8,2520,2956.8,2772,1562.4,806.4,2889.6,3696,4452,3612,2452.8,2133.6,3998.4,4317.6,2016,2553.6,3410.4,4216.8,3931.2,3595.2,3376.8,2167.2,2167.2,4116,0,0,0,0,0,0,0,0,0,0,0,0,0,0,0
CJU_BAIGGU,,,,,,,,,,,,,,,,,,,,,,,,,,,,,,,,,,,,,,,,,,,,,,,,,,,,,,,,,,,,,,,,,,,,,,,,,,,,,,,,,,,,,,,,,,,,,,,,,,,,,,,,,,,,,,,,,,,,,,,,,,,,,,,,,,,,,,,,,,,,,,,,,,,,,,,,,,,,,,,,,,,,,,,,,,,,,,,,,,,,,,,,,,,,,,,,,,,,,,,,,,,,,,,,,,,,,,,,,,,,,,,,,,,,,,,,,,,,,,,,,,,,,,,,,,,,,,,,,,,,,,,,,,,,,,,,,,,,,,,,,,,,,,,,,,,,,,,,,,,,,,,,,,,,,,,,,,,,,,,,,,,,,,,,,,,,,,,,,,,,,,,,,,,,,,,,,,,,,,,,,,,,,,,,,,,,,,,,,,,0,0,0,0,0,0,0,0,0,0,0,0,0,0,0
CJU_BAIGLA,,,,,,,,,,,,,,,,,,,,,,,,,,,,,,,,,,,,,,,,,,,,,,,,,,,,,,,,,,,,,,,,,,,,,,,,,,,,,,,,,,,,,,,,,,,,,,,,,,,,,,,,,,,,,,,,,,,,,,,,,,,,,,,,,,,,,,,,,,,,,,,,,,,,,,,,,,,,,,,,,,,,,,,,,,,,,,,,,,,,,,,,,,,,,,,,,,,,,,,,,,,,,,,,,,,,,,,,,,,,,,,,,,,,,,,,,,,,,,,,,,,,,,,,,,,,,,,,,,,,,,,,,,,,,,,,,,,,,,,,,,,,,,,,,,,,,,,,,,,,,,,,,,,,,,,,,,,,,,,,,,,,,,,,,,,,,,,,,,1344,2620.8,655.2,1344,5392.8,4267.2,4065.6,7123.2,4771.2,3628.8,5594.4,4956,6350.4,5174.4,6014.4,7341.6,5678.4,4586.4,4401.6,5678.4,5695.2,4116,2352,4989.6,6787.2,6350.4,5947.2,5476.8,5376,5409.6,7862.4,5359.2,5930.4,6820.8,8752.8,7828.8,7207.2,6283.2,4502.4,4687.2,7476,0,0,0,0,0,0,0,0,0,0,0,0,0,0,0
CJU_BAIGNC,,,,,,,,,,,,,,,,,,,,,,,,,,,,,,,,,,,,,,,,,,,,,,,,,,,,,,,,,,,,,,,,,,,,,,,,,,,,,,,,,,,,,,,,,,,,,,,,,,,,,,,,,,,,,,,,,,,,,,,,,,,,,,,,,,,,,,,,,,,,,,,,,,,,,,,,,,,,,,,,,,,,,,,,,,,,,,,,,,,,,,,,,,,,,,,,,,,,,,,,,,,,,,,,,,,,,,,,,,,,,,,,,,,,,,,,,,,,,,,,,,,,,,,,,,,,,,,,,,,,,,,,,,,,,,,,,,,,,,,,,,,,,,,,,,,,,,,,,,,,,,,,,,,,,,,,,,,,,,,,,,,,,,,,,,,,,,,,,,1797.6,3259.2,1495.2,1831.2,7240.8,3998.4,4872,7879.2,5292,3981.6,6384,5224.8,6921.6,6081.6,6753.6,8937.6,5443.2,4905.6,5863.2,6316.8,6014.4,3679.2,1898.4,5964,7812,9374.4,7408.8,5342.4,5292,8702.4,8887.2,4670.4,5292,5964,9004.8,9038.4,8248.8,7761.6,4888.8,4788,8652,0,0,0,0,0,0,0,0,0,0,0,0,0,0,0
CJU_BAMORR,,,,,,,,,,,,,,,,,,,,,,,,,,,,,,,,,,,,,,,,,,,,,,,,,,,,,,,,,,,,,,,,,,,,,,,,,,,,,,,,,,,,,,,,,,,,,,,,,,,,,,,,,,,,,,,,,,,,,,,,,,,,,,,,,,,,,,,,,,,,,,,,,,,,,,,,,,,,,,,,,,,,,,,,,,,,,,,,,,,,,,,,,,,,,,,,,,,,,,,,,,,,,,,,,,,,,,,,,,,,,,,,,,,,,,,,,,,,,,,,,,,,,,,,,,,,,,,,,,,,,,,,,,,,,,,,,,,,,,,,,,,,,,,,,,,,,,,,,,,,,,,,,,,,,,,,,,,,,,,,,,,,,,,,,,,,,,,,,,2234.4,3914.4,873.6,1814.4,6619.2,6031.2,6266.4,8584.8,6720,4922.4,7862.4,7711.2,8719.2,6888,8349.6,10147.2,7795.2,6871.2,8467.2,7257.6,5493.6,5342.4,3628.8,4569.6,7509.6,7694.4,6350.4,8584.8,7308,8584.8,10819.2,7929.6,7324.8,7644,9828,8870.4,9172.8,8433.6,5493.6,5308.8,5745.6,7929.6,7324.8,9122.4,7845.6,2032.8,6081.6,8080.8,2587.2,3108,0,0,0,0,0,0
CJU_BAMRRI,,,,,,,,,,,,,,,,,,,,,,,,,,,,,,,,,,,,,,,,,,,,,,,,,,,,,,,,,,,,,,,,,,,,,,,,,,,,,,,,,,,,,,,,,,,,,,,,,,,,,,,,,,,,,,,,,,,,,,,,,,,,,,,,,,,,,,,,,,,,,,,,,,,,,,,,,,,,,,,,,,,,,,,,,,,,,,,,,,,,,,,,,,,,,,,,,,,,,,,,,,,,,,,,,,,,,,,,,,,,,,,,,,,,,,,,,,,,,,,,,,,,,,,,,,,,,,,,,,,,,,,,,,,,,,,,,,,,,,,,,,,,,,,,,,,,,,,,,,,,,,,,,,,,,,,,,,,,,,,,,,,,,,,,,,,,,,,,,,,,,,,,,,,,,,,,,,,,,,,,,,,,,,,,,,,,,,,,,,,0,0,0,0,0,0,0,0,0,0,0,0,0,0,0
CJU_BAPND,,,,,,,,,,,,,,,,,,,,,,,,,,,,,,,,,,,,,,,,,,,,,,,,,,,,,,,,,,,,,,,,,,,,,,,,,,,,,,,,,,,,,,,,,,,,,,,,,,,,,,,,,,,,,,,,,,,,,,,,,,,,,,,,,,,,,,,,,,,,,,,,,,,,,,,,,,,,,,,,,,,,,,,,,,,,,,,,,,,,,,,,,,,,,,,,,,,,,,,,,,,,,,,,,,,,,,,,,,,,,,,,,,,,,,,,,,,,,,,,,,,,,,,,,,,,,,,,,,,,,,,,,,,,,,,,,,,,,,,,,,,,,,,,,,,,,,,,,,,,,,,,,,,,,,,,,,,,,,,,,,,,,,,,,,,,,,,,,,1411.2,1696.8,772.8,1780.8,4905.6,4048.8,4956,8265.6,5678.4,4804.8,6232.8,5812.8,6400.8,6921.6,8400,8685.6,4368,6720,6384,7778.4,6417.6,6064.8,4569.6,8114.4,11608.8,11995.2,9962.4,8954.4,6888,9861.6,0,0,0,0,0,0,0,0,0,0,0,0,0,0,0,0,0,0,0,0,0,0,0,0,0,0
CJU_BASESE,,,,,,,,,,,,,,,,,,,,,,,,,,,,,,,,,,,,,,,,,,,,,,,,,,,,,,,,,,,,,,,,,,,,,,,,,,,,,,,,,,,,,,,,,,,,,,,,,,,,,,,,,,,,,,,,,,,,,,,,,,,,,,,,,,,,,,,,,,,,,,,,,,,,,,,,,,,,,,,,,,,,,,,,,,,,,,,,,,,,,,,,,,,,,,,,,,,,,,,,,,,,,,,,,,,,,,,,,,,,,,,,,,,,,,,,,,,,,,,,,,,,,,,,,,,,,,,,,,,,,,,,,,,,,,,,,,,,,,,,,,,,,,,,,,,,,,,,,,,,,,,,,,,,,,,,,,,,,,,,,,,,,,,,,,,,,,,,,,,,,,,,,,,,,,,,,,,,,,,,,,,,,,,,,,,,,,,,,,,0,0,0,0,0,0,0,0,0,0,0,0,0,0,0
CJU_BAWND1,,,,,,,,,,,,,,,,,,,,,,,,,,,,,,,,,,,,,,,,,,,,,,,,,,,,,,,,,,,,,,,,,,,,,,,,,,,,,,,,,,,,,,,,,,,,,,,,,,,,,,,,,,,,,,,,,,,,,,,,,,,,,,,,,,,,,,,,,,,,,,,,,,,,,,,,,,,,,,,,,,,,,,,,,,,,,,,,,,,,,,,,,,,,,,,,,,,,,,,,,,,,,,,,,,,,,,,,,,,,,,,,,,,,,,,,,,,,,,,,,,,,,,,,,,,,,,,,,,,,,,,,,,,,,,,,,,,,,,,,,,,,,,,,,,,,,,,,,,,,,,,,,,,,,,,,,,,,,,,,,,,,,,,,,,,,,,,,,,0,0,201.6,705.6,386.4,2032.8,1831.2,2133.6,2318.4,2486.4,2788.8,3057.6,4183.2,5023.2,5493.6,5762.4,7039.2,4670.4,3897.6,3528,4317.6,3612,4032,4183.2,4132.8,4552.8,3813.6,6988.8,5846.4,4015.2,4804.8,6384,6048,5241.6,6098.4,6182.4,6535.2,6048,5023.2,5308.8,5913.6,0,0,0,0,0,0,0,0,0,0,0,0,0,0,0
CJU_BAWND2,,,,,,,,,,,,,,,,,,,,,,,,,,,,,,,,,,,,,,,,,,,,,,,,,,,,,,,,,,,,,,,,,,,,,,,,,,,,,,,,,,,,,,,,,,,,,,,,,,,,,,,,,,,,,,,,,,,,,,,,,,,,,,,,,,,,,,,,,,,,,,,,,,,,,,,,,,,,,,,,,,,,,,,,,,,,,,,,,,,,,,,,,,,,,,,,,,,,,,,,,,,,,,,,,,,,,,,,,,,,,,,,,,,,,,,,,,,,,,,,,,,,,,,,,,,,,,,,,,,,,,,,,,,,,,,,,,,,,,,,,,,,,,,,,,,,,,,,,,,,,,,,,,,,,,,,,,,,,,,,,,,,,,,,,,,,,,,,,,0,0,0,0,0,0,0,0,0,0,0,0,2049.6,4267.2,5174.4,5342.4,5678.4,4485.6,4939.2,4099.2,4351.2,3192,3544.8,4233.6,3796.8,3931.2,3225.6,6165.6,5443.2,4015.2,4368,5762.4,5359.2,4989.6,5594.4,5140.8,5796,5073.6,4586.4,4972.8,4603.2,0,0,0,0,0,0,0,0,0,0,0,0,0,0,0
CJU_CECEAD,,,,,,,,,,,,,,,,,,,,,,,,,,,,,,,,,,,,,,,,,,,,,,,,,,,,,,,,,,,,,,,,,,,,,,,,,,,,,,,,,,,,,,,,,,,,,,,,,,,,,,,,,,,,,,,,,,,,,,,,,,,,,,,,,,,,,,,,,,,,,,,,,,,,,,,,,,,,,,,,,,,,,,,,,,,,,,,,,,,,,,,,,,,,,,,,,,,,,,,,,,,,,,,,,,,,,,,,,,,,,,,,,,,,,,,,,,,,,,,,,,,,,,,,,,,,,,,,,,,,,,,,,,,,,,,,,,,,,,,,,,,,,,,,,,,,,,,,,,,,,,,,,,,,,,,,,,,,,,,,,,,,,,,,,,,,,,,,,,,,,,,,,,,,,,,,,,,,,,,,,,,,,,,,,,,,,,,,,,,0,0,0,0,0,0,0,0,0,0,0,0,0,0,0
CJU_CEITRU,,,,,,,,,,,,,,,,,,,,,,,,,,,,,,,,,,,,,,,,,,,,,,,,,,,,,,,,,,,,,,,,,,,,,,,,,,,,,,,,,,,,,,,,,,,,,,,,,,,,,,,,,,,,,,,,,,,,,,,,,,,,,,,,,,,,,,,,,,,,,,,,,,,,,,,,,,,,,,,,,,,,,,,,,,,,,,,,,,,,,,,,,,,,,,,,,,,,,,,,,,,,,,,,,,,,,,,,,,,,,,,,,,,,,,,,,,,,,,,,,,,,,,,,,,,,,,,,,,,,,,,,,,,,,,,,,,,,,,,,,,,,,,,,,,,,,,,,,,,,,,,,,,,,,,,,,,,,,,,,,,,,,,,,,,,,,,,,,,,,,,,,,,,,,,,,,,,,,,,,,,,,,,,,,,,,,,,,,,,,,,,,,,0,0,0,0,0,0,0,0
CJU_PEEBR,,,,,,,,,,,,,,,,,,,,,,,,,,,,,,,,,,,,,,,,,,,,,,,,,,,,,,,,,,,,,,,,,,,,,,,,,,,,,,,,,,,,,,,,,,,,,,,,,,,,,,,,,,,,,,,,,,,,,,,,,,,,,,,,,,,,,,,,,,,,,,,,,,,,,,,,,,,,,,,,,,,,,,,,,,,,,,,,,,,,,,,,,,,,,,,,,,,,,,,,,,,,,,,,,,,,,,,,,,,,,,,,,,,,,,,,,,,,,,,,,,,,,,,,,,,,,,,,,,,,,,,,,,,,,,,,,,,,,,,,,,,,,,,,,,,,,,,,,,,,,,,,,,,,,,,,,,,,,,,,,,,,,,,,,,,,,,,,,,,,,,,,,,,,,,,,,,,,,,,,,,,,,,,,,,,,,,,,,,,0,0,0,0,0,0,0,0,0,0,0,0,0,0,0
CJU_PEFNVT,,,,,,,,,,,,,,,,,,,,,,,,,,,,,,,,,,,,,,,,,,,,,,,,,,,,,,,,,,,,,,,,,,,,,,,,,,,,,,,,,,,,,,,,,,,,,,,,,,,,,,,,,,,,,,,,,,,,,,,,,,,,,,,,,,,,,,,,,,,,,,,,,,,,,,,,,,,,,,,,,,,,,,,,,,,,,,,,,,,,,,,,,,,,,,,,,,,,,,,,,,,,,,,,,,,,,,,,,,,,,,,,,,,,,,,,,,,,,,,,,,,,,,,,,,,,,,,,,,,,,,,,,,,,,,,,,,,,,,,,,,,,,,,,,,,,,,,,,,,,,,,,,,,,,,,,,,,,,,,,,,,,,,,,,,,,,,,,,,3057.6,3578.4,2234.4,2872.8,6837.6,5661.6,6350.4,9088.8,8080.8,6350.4,8080.8,6518.4,9055.2,7828.8,5611.2,9223.2,7476,8803.2,7610.4,7828.8,6148.8,6770.4,3292.8,7140,9088.8,11844,10584,9710.4,8013.6,11239.2,11356.8,7173.6,6501.6,9223.2,10970.4,11776.8,9525.6,7308,7660.8,7274.4,9424.8,0,0,0,0,0,0,0,0,0,0,0,0,0,0,0
CJU_PEPARN,,,,,,,,,,,,,,,,,,,,,,,,,,,,,,,,,,,,,,,,,,,,,,,,,,,,,,,,,,,,,,,,,,,,,,,,,,,,,,,,,,,,,,,,,,,,,,,,,,,,,,,,,,,,,,,,,,,,,,,,,,,,,,,,,,,,,,,,,,,,,,,,,,,,,,,,,,,,,,,,,,,,,,,,,,,,,,,,,,,,,,,,,,,,,,,,,,,,,,,,,,,,,,,,,,,,,,,,,,,,,,,,,,,,,,,,,,,,,,,,,,,,,,,,,,,,,,,,,,,,,,,,,,,,,,,,,,,,,,,,,,,,,,,,,,,,,,,,,,,,,,,,,,,,,,,,,,,,,,,,,,,,,,,,,,,,,,,,,,3763.2,6199.2,4132.8,7341.6,5594.4,5728.8,8668.8,6988.8,6552,6854.4,7308,5880,6787.2,5443.2,6972,8299.2,7812,7308,4788,5796,4250.4,3679.2,4737.6,4468.8,6988.8,10197.6,7980,7190.4,4771.2,7677.6,7476,6384,7442.4,7492.8,9828,9861.6,9122.4,8568,8803.2,8299.2,10231.2,9256.8,11071.2,10701.6,11407.2,11071.2,9307.2,8467.2,8870.4,9424.8,8685.6,10063.2,0,0,0,0
CJU_PICHP1,,,,,,,,,,,,,,,,,,,,,,,,,,,,,,,,,,,,,,,,,,,,,,,,,,,,,,,,,,,,,,,,,,,,,,,,,,,,,,,,,,,,,,,,,,,,,,,,,,,,,,,,,,,,,,,,,,,,,,,,,,,,,,,,,,,,,,,,,,,,,,,,,,,,,,,,,,,,,,,,,,,,,,,,,,,,,,,,,,,,,,,,,,,,,,,,,,,,,,,,,,,,,,,,,,,,,,,,,,,,,,,,,,,,,,,,,,,,,,,,,,,,,,,,,,,,,,,,,,,,,,,,,,,,,,,,,,,,,,,,,,,,,,,,,,,,,,,,,,,,,,,,,,,,,,,,,,,,,,,,,,,,,,,,,,,,,,,,,,6031.2,7912.8,4821.6,8232,13255.2,11306.4,11222.4,15422.4,13255.2,7576.8,11911.2,7879.2,13423.2,12247.2,12852,20529.6,15943.2,15136.8,16077.6,17472,16044,15943.2,12633.6,18967.2,21974.4,25603.2,21924,21739.2,17152.8,14212.8,25284,19135.2,19723.2,16329.6,23184,22495.2,21436.8,16128,13305.6,13137.6,19454.4,14414.4,17337.6,21991.2,15472.8,8282.4,11424,11928,8635.2,8080.8,17589.6,16296,0,0,0,0
CJU_PICHP2,,,,,,,,,,,,,,,,,,,,,,,,,,,,,,,,,,,,,,,,,,,,,,,,,,,,,,,,,,,,,,,,,,,,,,,,,,,,,,,,,,,,,,,,,,,,,,,,,,,,,,,,,,,,,,,,,,,,,,,,,,,,,,,,,,,,,,,,,,,,,,,,,,,,,,,,,,,,,,,,,,,,,,,,,,,,,,,,,,,,,,,,,,,,,,,,,,,,,,,,,,,,,,,,,,,,,,,,,,,,,,,,,,,,,,,,,,,,,,,,,,,,,,,,,,,,,,,,,,,,,,,,,,,,,,,,,,,,,,,,,,,,,,,,,,,,,,,,,,,,,,,,,,,,,,,,,,,,,,,,,,,,,,,,,,,,,,,,,,6585.6,8568,4384.8,7190.4,17589.6,12096,11743.2,16413.6,13893.6,6720,11457.6,5678.4,9609.6,12700.8,12364.8,20966.4,15657.6,16144.8,16380,17791.2,17371.2,19017.6,12163.2,25082.4,26056.8,27132,15170.4,20193.6,19286.4,26527.2,27417.6,21201.6,21184.8,23066.4,25603.2,24460.8,23368.8,16128,13759.2,13490.4,19958.4,15153.6,18278.4,19420.8,16934.4,6972,11390.4,13944,6955.2,7274.4,18564,0,0,0,0,0
CJU_PICHP3,,,,,,,,,,,,,,,,,,,,,,,,,,,,,,,,,,,,,,,,,,,,,,,,,,,,,,,,,,,,,,,,,,,,,,,,,,,,,,,,,,,,,,,,,,,,,,,,,,,,,,,,,,,,,,,,,,,,,,,,,,,,,,,,,,,,,,,,,,,,,,,,,,,,,,,,,,,,,,,,,,,,,,,,,,,,,,,,,,,,,,,,,,,,,,,,,,,,,,,,,,,,,,,,,,,,,,,,,,,,,,,,,,,,,,,,,,,,,,,,,,,,,,,,,,,,,,,,,,,,,,,,,,,,,,,,,,,,,,,,,,,,,,,,,,,,,,,,,,,,,,,,,,,,,,,,,,,,,,,,,,,,,,,,,,,,,,,,,,2553.6,3645.6,3007.2,5678.4,10180.8,8097.6,6417.6,10920,10382.4,6115.2,11289.6,6014.4,13994.4,13843.2,14246.4,23436,16867.2,17035.2,18261.6,22596,18832.8,20781.6,13574.4,27132,29736,31920,26006.4,26594.4,20647.2,17052,31651.2,23268,21957.6,20949.6,28929.6,27249.6,25603.2,16917.6,13809.6,13540.8,22428,15069.6,19588.8,25418.4,19303.2,9088.8,11407.2,13154.4,8299.2,9038.4,20311.2,16951.2,0,0,0,0
CJU_RENS,,,,,,,,,,,,,,,,,,,,,,,,,,,,,,,,,,,,,,,,,,,,,,,,,,,,,,,,,,,,,,,,,,,,,,,,,,,,,,,,,,,,,,,,,,,,,,,,,,,,,,,,,,,,,,,,,,,,,,,,,,,,,,,,,,,,,,,,,,,,,,,,,,,,,,,,,,,,,,,,,,,,,,,,,,,,,,,,,,,,,,,,,,,,,,,,,,,,,,,,,,,,,,,,,,,,,,,,,,,,,,,,,,,,,,,,,,,,,,,,,,,,,,,,,,,,,,,,,,,,,,,,,,,,,,,,,,,,,,,,,,,,,,,,,,,,,,,,,,,,,,,,,,,,,,,,,,,,,,,,,,,,,,,,,,,,,,,,,,3964.8,6064.8,1747.2,8836.8,9004.8,11944.8,5443.2,11776.8,13507.2,10466.4,9391.2,8937.6,11004,7711.2,10802.4,14884.8,15052.8,12012,9508.8,12852,10802.4,10197.6,7392,14800.8,16195.2,18379.2,14649.6,14985.6,14498.4,18261.6,17724,15775.2,11877.6,15523.2,17740.8,20378.4,8618.4,16027.2,621.6,11575.2,16044,18900,17304,18614.4,18328.8,15926.4,12667.2,15237.6,7459.2,11491.2,14481.6,,,,,
CJU_RNC245,,,,,,,,,,,,,,,,,,,,,,,,,,,,,,,,,,,,,,,,,,,,,,,,,,,,,,,,,,,,,,,,,,,,,,,,,,,,,,,,,,,,,,,,,,,,,,,,,,,,,,,,,,,,,,,,,,,,,,,,,,,,,,,,,,,,,,,,,,,,,,,,,,,,,,,,,,,,,,,,,,,,,,,,,,,,,,,,,,,,,,,,,,,,,,,,,,,,,,,,,,,,,,,,,,,,,,,,,,,,,,,,,,,,,,,,,,,,,,,,,,,,,,,,,,,,,,,,,,,,,,,,,,,,,,,,,,,,,,,,,,,,,,,,,,,,,,,,,,,,,,,,,,,,,,,,,,,,,,,,,,,,,,,,,,,,,,,,,,0,2368.8,1713.6,4788,5628,5208,5678.4,6350.4,6048,6182.4,5947.2,4704,3376.8,1377.6,7644,9391.2,7240.8,6736.8,5779.2,6955.2,5040,4956,3175.2,3948,3948,12415.2,9424.8,7392,0,0,0,0,0,0,117.6,9290.4,8971.2,7912.8,7291.2,6888,9660,9962.4,10634.4,10701.6,11390.4,8282.4,7224,0,0,0,0,0,0,0,0,0
CJU_RNCAL1,,,,,,,,,,,,,,,,,,,,,,,,,,,,,,,,,,,,,,,,,,,,,,,,,,,,,,,,,,,,,,,,,,,,,,,,,,,,,,,,,,,,,,,,,,,,,,,,,,,,,,,,,,,,,,,,,,,,,,,,,,,,,,,,,,,,,,,,,,,,,,,,,,,,,,,,,,,,,,,,,,,,,,,,,,,,,,,,,,,,,,,,,,,,,,,,,,,,,,,,,,,,,,,,,,,,,,,,,,,,,,,,,,,,,,,,,,,,,,,,,,,,,,,,,,,,,,,,,,,,,,,,,,,,,,,,,,,,,,,,,,,,,,,,,,,,,,,,,,,,,,,,,,,,,,,,,,,,,,,,,,,,,,,,,,,,,,,,,,,,,,,,,,,,,,,,,,,,,,,,,,,,,,,,,,,,,,,,,,,,,,,,,0,0,0,0,0,0,0,0,0
CJU_RNCARC,,,,,,,,,,,,,,,,,,,,,,,,,,,,,,,,,,,,,,,,,,,,,,,,,,,,,,,,,,,,,,,,,,,,,,,,,,,,,,,,,,,,,,,,,,,,,,,,,,,,,,,,,,,,,,,,,,,,,,,,,,,,,,,,,,,,,,,,,,,,,,,,,,,,,,,,,,,,,,,,,,,,,,,,,,,,,,,,,,,,,,,,,,,,,,,,,,,,,,,,,,,,,,,,,,,,,,,,,,,,,,,,,,,,,,,,,,,,,,,,,,,,,,,,,,,,,,,,,,,,,,,,,,,,,,,,,,,,,,,,,,,,,,,,,,,,,,,,,,,,,,,,,,,,,,,,,,,,,,,,,,,,,,,,,,,,,,,,,,3746.4,6316.8,2469.6,7660.8,6115.2,8383.2,5846.4,7912.8,9105.6,8383.2,8282.4,9055.2,7106.4,5376,7123.2,8937.6,10298.4,7392,6938.4,9660,7929.6,7963.2,5997.6,8920.8,9811.2,10668,10684.8,10567.2,9760.8,9676.8,10382.4,11827.2,11676,10584,11440.8,11155.2,10920,10617.6,9979.2,9223.2,11524.8,10752,12835.2,11020.8,12549.6,11239.2,10063.2,11239.2,8265.6,8719.2,0,0,0,0,0,0
CJU_RNDREN,,,,,,,,,,,,,,,,,,,,,,,,,,,,,,,,,,,,,,,,,,,,,,,,,,,,,,,,,,,,,,,,,,,,,,,,,,,,,,,,,,,,,,,,,,,,,,,,,,,,,,,,,,,,,,,,,,,,,,,,,,,,,,,,,,,,,,,,,,,,,,,,,,,,,,,,,,,,,,,,,,,,,,,,,,,,,,,,,,,,,,,,,,,,,,,,,,,,,,,,,,,,,,,,,,,,,,,,,,,,,,,,,,,,,,,,,,,,,,,,,,,,,,,,,,,,,,,,,,,,,,,,,,,,,,,,,,,,,,,,,,,,,,,,,,,,,,,,,,,,,,,,,,,,,,,,,,,,,,,,,,,,,,,,,,,,,,,,,,3746.4,3763.2,2436,6972,6501.6,6619.2,6283.2,6417.6,7274.4,7190.4,6417.6,7308,6703.2,4922.4,7022.4,8013.6,4905.6,7543.2,6535.2,8131.2,7190.4,6199.2,5829.6,8450.4,9290.4,10752,9156,9727.2,9088.8,11642.4,11760,10668,9626.4,10096.8,11541.6,12331.2,10920,10483.2,9492,9475.2,9559.2,0,0,0,0,0,0,0,0,0,0,0,0,0,0,0
CJU_RNJCAB,,,,,,,,,,,,,,,,,,,,,,,,,,,,,,,,,,,,,,,,,,,,,,,,,,,,,,,,,,,,,,,,,,,,,,,,,,,,,,,,,,,,,,,,,,,,,,,,,,,,,,,,,,,,,,,,,,,,,,,,,,,,,,,,,,,,,,,,,,,,,,,,,,,,,,,,,,,,,,,,,,,,,,,,,,,,,,,,,,,,,,,,,,,,,,,,,,,,,,,,,,,,,,,,,,,,,,,,,,,,,,,,,,,,,,,,,,,,,,,,,,,,,,,,,,,,,,,,,,,,,,,,,,,,,,,,,,,,,,,,,,,,,,,,,,,,,,,,,,,,,,,,,,,,,,,,,,,,,,,,,,,,,,,,,,,,,,,,,,2772,4838.4,1276.8,5712,6837.6,7644,7459.2,10332,10651.2,8517.6,7425.6,6787.2,9004.8,5611.2,8584.8,12616.8,12364.8,10768.8,9962.4,11004,8937.6,8568,4872,13188,14179.2,15808.8,13977.6,15741.6,12952.8,19236,17707.2,14700,11642.4,13188,17724,18379.2,15472.8,11239.2,11860.8,11121.6,14448,15540,15456,16665.6,17606.4,16464,9559.2,0,0,0,0,0,0,0,0,0
CJU_RNJCAT,,,,,,,,,,,,,,,,,,,,,,,,,,,,,,,,,,,,,,,,,,,,,,,,,,,,,,,,,,,,,,,,,,,,,,,,,,,,,,,,,,,,,,,,,,,,,,,,,,,,,,,,,,,,,,,,,,,,,,,,,,,,,,,,,,,,,,,,,,,,,,,,,,,,,,,,,,,,,,,,,,,,,,,,,,,,,,,,,,,,,,,,,,,,,,,,,,,,,,,,,,,,,,,,,,,,,,,,,,,,,,,,,,,,,,,,,,,,,,,,,,,,,,,,,,,,,,,,,,,,,,,,,,,,,,,,,,,,,,,,,,,,,,,,,,,,,,,,,,,,,,,,,,,,,,,,,,,,,,,,,,,,,,,,,,,,,,,,,,1764,2772,1092,3712.8,3561.6,3511.2,4300.8,5611.2,5863.2,4939.2,4435.2,3998.4,5140.8,3914.4,4922.4,6820.8,6871.2,5644.8,5073.6,6014.4,5846.4,369.6,16.8,33.6,33.6,33.6,67.2,2184,6636,8652,8652,7963.2,6804,7106.4,7996.8,8232,7694.4,6703.2,6468,5796,7005.6,0,0,0,0,0,0,0,0,0,0,0,0,0,0,0
CJU_RNJCCO,,,,,,,,,,,,,,,,,,,,,,,,,,,,,,,,,,,,,,,,,,,,,,,,,,,,,,,,,,,,,,,,,,,,,,,,,,,,,,,,,,,,,,,,,,,,,,,,,,,,,,,,,,,,,,,,,,,,,,,,,,,,,,,,,,,,,,,,,,,,,,,,,,,,,,,,,,,,,,,,,,,,,,,,,,,,,,,,,,,,,,,,,,,,,,,,,,,,,,,,,,,,,,,,,,,,,,,,,,,,,,,,,,,,,,,,,,,,,,,,,,,,,,,,,,,,,,,,,,,,,,,,,,,,,,,,,,,,,,,,,,,,,,,,,,,,,,,,,,,,,,,,,,,,,,,,,,,,,,,,,,,,,,,,,,,,,,,,,,3477.6,6216,1881.6,10886.4,13456.8,13725.6,12398.4,15657.6,15657.6,14968.8,12364.8,13406.4,14061.6,12028.8,11860.8,17673.6,17774.4,15388.8,12885.6,13792.8,16363.2,13574.4,8584.8,10046.4,20462.4,21571.2,19588.8,21386.4,25704,23688,21117.6,21672,18110.4,18160.8,20479.2,18228,15775.2,15052.8,15876,14263.2,16413.6,0,0,0,0,0,0,0,0,0,0,0,0,0,0,0
CJU_RNJCCP,,,,,,,,,,,,,,,,,,,,,,,,,,,,,,,,,,,,,,,,,,,,,,,,,,,,,,,,,,,,,,,,,,,,,,,,,,,,,,,,,,,,,,,,,,,,,,,,,,,,,,,,,,,,,,,,,,,,,,,,,,,,,,,,,,,,,,,,,,,,,,,,,,,,,,,,,,,,,,,,,,,,,,,,,,,,,,,,,,,,,,,,,,,,,,,,,,,,,,,,,,,,,,,,,,,,,,,,,,,,,,,,,,,,,,,,,,,,,,,,,,,,,,,,,,,,,,,,,,,,,,,,,,,,,,,,,,,,,,,,,,,,,,,,,,,,,,,,,,,,,,,,,,,,,,,,,,,,,,,,,,,,,,,,,,,,,,,,,,2251.2,3729.6,1444.8,5073.6,6249.6,5980.8,5460,6888,6854.4,5544,1478.4,1512,2587.2,4888.8,4636.8,0,0,0,0,0,0,0,0,0,0,0,0,0,0,0,0,0,0,0,0,0,0,0,0,0,0,0,0,0,0,0,0,0,0,0,0,0,0,0,0,0
CJU_RNJCDV,,,,,,,,,,,,,,,,,,,,,,,,,,,,,,,,,,,,,,,,,,,,,,,,,,,,,,,,,,,,,,,,,,,,,,,,,,,,,,,,,,,,,,,,,,,,,,,,,,,,,,,,,,,,,,,,,,,,,,,,,,,,,,,,,,,,,,,,,,,,,,,,,,,,,,,,,,,,,,,,,,,,,,,,,,,,,,,,,,,,,,,,,,,,,,,,,,,,,,,,,,,,,,,,,,,,,,,,,,,,,,,,,,,,,,,,,,,,,,,,,,,,,,,,,,,,,,,,,,,,,,,,,,,,,,,,,,,,,,,,,,,,,,,,,,,,,,,,,,,,,,,,,,,,,,,,,,,,,,,,,,,,,,,,,,,,,,,,,,2133.6,3108,1142.4,4267.2,5661.6,5174.4,4972.8,6921.6,7056,5628,4788,4200,5980.8,4502.4,5241.6,8064,7795.2,6115.2,3746.4,6367.2,6048,5426.4,3040.8,8316,8383.2,9189.6,7627.2,8786.4,7644,9962.4,9408,8500.8,7022.4,8097.6,9240,10701.6,8383.2,7240.8,7072.8,6568.8,8030.4,0,0,0,0,0,0,0,0,0,0,0,0,0,0,0
CJU_RNMODL,,,,,,,,,,,,,,,,,,,,,,,,,,,,,,,,,,,,,,,,,,,,,,,,,,,,,,,,,,,,,,,,,,,,,,,,,,,,,,,,,,,,,,,,,,,,,,,,,,,,,,,,,,,,,,,,,,,,,,,,,,,,,,,,,,,,,,,,,,,,,,,,,,,,,,,,,,,,,,,,,,,,,,,,,,,,,,,,,,,,,,,,,,,,,,,,,,,,,,,,,,,,,,,,,,,,,,,,,,,,,,,,,,,,,,,,,,,,,,,,,,,,,,,,,,,,,,,,,,,,,,,,,,,,,,,,,,,,,,,,,,,,,,,,,,,,,,,,,,,,,,,,,,,,,,,,,,,,,,,,,,,,,,,,,,,,,,,,,,1999.2,3292.8,1092,4300.8,5460,5745.6,5258.4,6871.2,7106.4,6014.4,4972.8,4586.4,6249.6,4552.8,4804.8,6636,8316,5611.2,0,2956.8,5006.4,5611.2,2452.8,6904.8,7408.8,6888,6048,8080.8,6199.2,8097.6,7845.6,7526.4,5628,7022.4,7392,7442.4,0,0,0,0,0,0,0,2553.6,0,0,0,0,0,0,0,0,0,0,0,0
CJU_RNMVNT,,,,,,,,,,,,,,,,,,,,,,,,,,,,,,,,,,,,,,,,,,,,,,,,,,,,,,,,,,,,,,,,,,,,,,,,,,,,,,,,,,,,,,,,,,,,,,,,,,,,,,,,,,,,,,,,,,,,,,,,,,,,,,,,,,,,,,,,,,,,,,,,,,,,,,,,,,,,,,,,,,,,,,,,,,,,,,,,,,,,,,,,,,,,,,,,,,,,,,,,,,,,,,,,,,,,,,,,,,,,,,,,,,,,,,,,,,,,,,,,,,,,,,,,,,,,,,,,,,,,,,,,,,,,,,,,,,,,,,,,,,,,,,,,,,,,,,,,,,,,,,,,,,,,,,,,,,,,,,,,,,,,,,,,,,,,,,,,,,3024,4687.2,1629.6,6081.6,8114.4,7274.4,7526.4,9374.4,10130.4,8215.2,6955.2,6417.6,8534.4,6266.4,7896,11827.2,11340,9038.4,5812.8,10180.8,7929.6,8181.6,4888.8,12398.4,12902.4,15002.4,12465.6,14515.2,12465.6,16766.4,15556.8,13725.6,10886.4,12062.4,14095.2,16968,13490.4,11760,10382.4,10264.8,12247.2,13406.4,12583.2,13927.2,14196,9139.2,8416.8,8988,6736.8,7627.2,0,0,0,0,0,0
CJU_RNRENS,,,,,,,,,,,,,,,,,,,,,,,,,,,,,,,,,,,,,,,,,,,,,,,,,,,,,,,,,,,,,,,,,,,,,,,,,,,,,,,,,,,,,,,,,,,,,,,,,,,,,,,,,,,,,,,,,,,,,,,,,,,,,,,,,,,,,,,,,,,,,,,,,,,,,,,,,,,,,,,,,,,,,,,,,,,,,,,,,,,,,,,,,,,,,,,,,,,,,,,,,,,,,,,,,,,,,,,,,,,,,,,,,,,,,,,,,,,,,,,,,,,,,,,,,,,,,,,,,,,,,,,,,,,,,,,,,,,,,,,,,,,,,,,,,,,,,,,,,,,,,,,,,,,,,,,,,,,,,,,,,,,,,,,,,,,,,,,,,,,,,,,,,,,,,,,,,,,,,,,,,,,,,,,,,,,,,,,,,,,,,,,,,,,,,0,0,0,0,0
CJU_RNSCLA,,,,,,,,,,,,,,,,,,,,,,,,,,,,,,,,,,,,,,,,,,,,,,,,,,,,,,,,,,,,,,,,,,,,,,,,,,,,,,,,,,,,,,,,,,,,,,,,,,,,,,,,,,,,,,,,,,,,,,,,,,,,,,,,,,,,,,,,,,,,,,,,,,,,,,,,,,,,,,,,,,,,,,,,,,,,,,,,,,,,,,,,,,,,,,,,,,,,,,,,,,,,,,,,,,,,,,,,,,,,,,,,,,,,,,,,,,,,,,,,,,,,,,,,,,,,,,,,,,,,,,,,,,,,,,,,,,,,,,,,,,,,,,,,,,,,,,,,,,,,,,,,,,,,,,,,,,,,,,,,,,,,,,,,,,,,,,,,,,3360,4939.2,2284.8,6854.4,7526.4,8349.6,7644,9340.8,10617.6,8702.4,7442.4,7610.4,8618.4,5611.2,8685.6,12650.4,12482.4,10264.8,9492,11004,8971.2,8282.4,5863.2,13339.2,11944.8,19723.2,14532,17186.4,14112,19891.2,18900,16044,12818.4,14481.6,18160.8,21151.2,16514.4,14582.4,13272,12364.8,15036,17052,16044,17304,17841.6,11440.8,9592.8,11743.2,7896,8702.4,12852,0,0,0,0,0
CJU_RNSNT3,,,,,,,,,,,,,,,,,,,,,,,,,,,,,,,,,,,,,,,,,,,,,,,,,,,,,,,,,,,,,,,,,,,,,,,,,,,,,,,,,,,,,,,,,,,,,,,,,,,,,,,,,,,,,,,,,,,,,,,,,,,,,,,,,,,,,,,,,,,,,,,,,,,,,,,,,,,,,,,,,,,,,,,,,,,,,,,,,,,,,,,,,,,,,,,,,,,,,,,,,,,,,,,,,,,,,,,,,,,,,,,,,,,,,,,,,,,,,,,,,,,,,,,,,,,,,,,,,,,,,,,,,,,,,,,,,,,,,,,,,,,,,,,,,,,,,,,,,,,,,,,,,,,,,,,,,,,,,,,,,,,,,,,,,,,,,,,,,,0,1612.8,823.2,3057.6,3427.2,3662.4,3511.2,3964.8,3763.2,4166.4,924,2923.2,3360,2150.4,5090.4,5947.2,5325.6,4603.2,4015.2,4737.6,3696,3662.4,3544.8,4132.8,5544,6652.8,6484.8,7224,6098.4,7896,7408.8,6770.4,7526.4,7543.2,8013.6,8685.6,8215.2,7308,7089.6,6199.2,8517.6,0,0,0,0,0,0,0,0,0,0,0,0,0,0,0
CJU_RNST12,,,,,,,,,,,,,,,,,,,,,,,,,,,,,,,,,,,,,,,,,,,,,,,,,,,,,,,,,,,,,,,,,,,,,,,,,,,,,,,,,,,,,,,,,,,,,,,,,,,,,,,,,,,,,,,,,,,,,,,,,,,,,,,,,,,,,,,,,,,,,,,,,,,,,,,,,,,,,,,,,,,,,,,,,,,,,,,,,,,,,,,,,,,,,,,,,,,,,,,,,,,,,,,,,,,,,,,,,,,,,,,,,,,,,,,,,,,,,,,,,,,,,,,,,,,,,,,,,,,,,,,,,,,,,,,,,,,,,,,,,,,,,,,,,,,,,,,,,,,,,,,,,,,,,,,,,,,,,,,,,,,,,,,,,,,,,,,,,,0,1041.6,1108.8,3175.2,5594.4,5241.6,5090.4,6182.4,6804,4586.4,4855.2,3931.2,5107.2,3007.2,7072.8,9223.2,7492.8,6602.4,6165.6,6384,5896.8,5779.2,4485.6,8198.4,10668,12549.6,10802.4,9895.2,8332.8,11424,11071.2,9760.8,9912,10500,10684.8,11776.8,11020.8,8769.6,8316,7560,10500,0,0,0,0,0,0,0,0,0,0,0,0,0,0,0
CJU_RNUVNT,,,,,,,,,,,,,,,,,,,,,,,,,,,,,,,,,,,,,,,,,,,,,,,,,,,,,,,,,,,,,,,,,,,,,,,,,,,,,,,,,,,,,,,,,,,,,,,,,,,,,,,,,,,,,,,,,,,,,,,,,,,,,,,,,,,,,,,,,,,,,,,,,,,,,,,,,,,,,,,,,,,,,,,,,,,,,,,,,,,,,,,,,,,,,,,,,,,,,,,,,,,,,,,,,,,,,,,,,,,,,,,,,,,,,,,,,,,,,,,,,,,,,,,,,,,,,,,,,,,,,,,,,,,,,,,,,,,,,,,,,,,,,,,,,,,,,,,,,,,,,,,,,,,,,,,,,,,,,,,,,,,,,,,,,,,,,,,,,,5308.8,5325.6,3528,11323.2,10416,10903.2,10432.8,11172,12616.8,12566.4,11121.6,12700.8,11373.6,8904,12213.6,14532,14716.8,12616.8,11390.4,13305.6,11911.2,11071.2,9592.8,16228.8,15909.6,20059.2,12516,18026.4,16464,20798.4,21084,18328.8,15926.4,16329.6,18698.4,20731.2,17808,16833.6,15456,13658.4,15271.2,18295.2,17220,18093.6,18396,15859.2,14968.8,15489.6,14548.8,13910.4,14431.2,0,0,0,0,0
CONJUNTO EOLICO AGUA DOCE,,,,,,,,,,,,,,,,,,,,,,,,,,,,,,,,,,,,,,,,,,,,,,,,,,,,,,,,,,,,,,,,,,,,,,,,,,,,,,,,,,,,,,,,,,,,,,,,,,,,,,,,,,,,,,,,,,,,,,,,,,,,,,,,,,,,,,,,,,,,,,,,,,,,,,,,,,,,,,,,,,,,,,,,,,,,,,,,,,,,,,,,,,,,,,,,,,,,,,,,,,,,,,,,,,,,,,,,,,,,,,,,,,,,,,,,,,,,,,,,,,,,,,,,,,,,,,,,,,,,,,,,,,,,,,,,,,,,,,,,,,,,,,,,,,,,,,,,,,,,,,,,,,,,,,,,,,,,,,,,,,,,,,,,,,,,,,,,,,5577.6,3595.2,4317.6,4972.8,5040,3410.4,2688,3057.6,4216.8,2604,4334.4,3746.4,3158.4,1915.2,2788.8,4116,5628,2066.4,1495.2,4552.8,4586.4,2536.8,2822.4,3931.2,3259.2,3124.8,5544,7308,2604,5191.2,3964.8,4099.2,4754.4,4620,3729.6,3158.4,5678.4,4670.4,2671.2,4015.2,3964.8,5560.8,5023.2,5023.2,3444,3444,2620.8,4687.2,2654.4,1360.8,1360.8,1360.8,1360.8,2520,3208.8,2184
CONJUNTO EOLICO AMAZONAS,,,,,,,,,,,,,,,,,,,,,,,,,,,,,,,,,,,,,,,,,,,,,,,,,,,,,,,,,,,,,,,,,,,,,,,,,,,,,,,,,,,,,,,,,,,,,,,,,,,,,,,,,,,,,,,,,,,,,,,,,,,,,,,,,,,,,,,,,,,,,,,,,,,,,,,,,,,,,,,,,,,,,,,,,,,,,,,,,,,,,,,,,,,,,,,,,,,,,,,,,,,,,,,,,,,,,,,,,,,,,,,,,,,,,,,,,,,,,,,,,,,,,,,,,,,,,,,,,,,,,,,,,,,,,,,,,,,,,,,,,,,,,,,,,,,,,,,,,,,,,,,,,,,,,,,,,,,,,,,,,,,,,,,,,,,,,,,,,,3309.6,4720.8,2217.6,6148.8,4569.6,5560.8,3813.6,6098.4,7408.8,6988.8,7644,7576.8,6199.2,4065.6,6400.8,8282.4,9609.6,6400.8,5695.2,8803.2,6871.2,5930.4,3259.2,7560,9206.4,10600.8,8601.6,8484,6064.8,9374.4,10987.2,14414.4,15657.6,15321.6,16548,16968,17942.4,19908,19656,16296,23083.2,23368.8,25401.6,23822.4,25183.2,17875.2,20916,22344,16951.2,16497.6,19538.4,17740.8,17556,18429.6,18043.2,18832.8
CONJUNTO EOLICO ATLANTICA,,,,,,,,,,,,,,,,,,,,,,,,,,,,,,,,,,,,,,,,,,,,,,,,,,,,,,,,,,,,,,,,,,,,,,,,,,,,,,,,,,,,,,,,,,,,,,,,,,,,,,,,,,,,,,,,,,,,,,,,,,,,,,,,,,,,,,,,,,,,,,,,,,,,,,,,,,,,,,,,,,,,,,,,,,,,,,,,,,,,,,,,,,,,,,,,,,,,,,,,,,,,,,,,,,,,,,,,,,,,,,,,,,,,,,,,,,,,,,,,,,,,,,,,,,,,,,,,,,,,,,,,,,,,,,,,,,,,,,,,,,,,,,,,,,,,,,,,,,,,,,,,,,,,,,,,,,,,,,,,,,,,,,,,,,,,,,,,,,12264,6619.2,6585.6,10449.6,6031.2,9324,8131.2,3763.2,7492.8,3880.8,7022.4,9945.6,6652.8,6434.4,7459.2,5796,10869.6,3628.8,5056.8,8332.8,4250.4,7761.6,8349.6,5880,4586.4,4704,8080.8,7728,6736.8,7711.2,9643.2,3276,7324.8,8971.2,4317.6,8752.8,10063.2,9878.4,4737.6,15691.2,10399.2,10483.2,13574.4,10500,10735.2,10164,6972,9828,3444,10752,6804,8719.2,5476.8,7627.2,6367.2,5140.8
CONJUNTO EOLICO BOM JARDIM DA SERRA,,,,,,,,,,,,,,,,,,,,,,,,,,,,,,,,,,,,,,,,,,,,,,,,,,,,,,,,,,,,,,,,,,,,,,,,,,,,,,,,,,,,,,,,,,,,,,,,,,,,,,,,,,,,,,,,,,,,,,,,,,,,,,,,,,,,,,,,,,,,,,,,,,,,,,,,,,,,,,,,,,,,,,,,,,,,,,,,,,,,,,,,,,,,,,,,,,,,,,,,,,,,,,,,,,,,,,,,,,,,,,,,,,,,,,,,,,,,,,,,,,,,,,,,,,,,,,,,,,,,,,,,,,,,,,,,,,,,,,,,,,,,,,,,,,,,,,,,,,,,,,,,,,,,,,,,,,,,,,,,,,,,,,,,,,,,,,,,,,1125.6,806.4,537.6,1108.8,1411.2,403.2,1243.2,672,1192.8,940.8,772.8,1192.8,1260,890.4,924,1411.2,2083.2,756,504,2100,1260,1562.4,2352,1528.8,722.4,554.4,2150.4,2049.6,789.6,1478.4,1512,924,1848,1293.6,1344,1276.8,1176,1360.8,520.8,705.6,1159.2,1545.6,1293.6,974.4,856.8,705.6,436.8,890.4,554.4,856.8,1041.6,1428,890.4,705.6,554.4,470.4
CONJUNTO EOLICO CAETITE,,,,,,,,,,,,,,,,,,,,,,,,,,,,,,,,,,,,,,,,,,,,,,,,,,,,,,,,,,,,,,,,,,,,,,,,,,,,,,,,,,,,,,,,,,,,,,,,,,,,,,,,,,,,,,,,,,,,,,,,,,,,,,,,,,,,,,,,,,,,,,,,,,,,,,,,,,,,,,,,,,,,,,,,,,,,,,,,,,,,,,,,,,,,,,,,,,,,,,,,,,,,,,,,,,,,,,,,,,,,,,,,,,,,,,,,,,,,,,,,,,,,,,,,,,,,,,,,,,,,,,,,,,,,,,,,,,,,,,,,,,,,,,,,,,,,,,,,,,,,,,,,,,,,,,,,,,,,,,,,,,,,,,,,,,,,,,,,,,2100,3444,1881.6,2016,7845.6,3813.6,4132.8,8920.8,5426.4,4384.8,6400.8,5460,6770.4,6283.2,7106.4,11054.4,6115.2,5745.6,4754.4,6820.8,6300,3158.4,1848,7257.6,9256.8,12734.4,9172.8,5359.2,5208,10399.2,,,,,,,,,,,,,,,,,,,,,,,,,,
CONJUNTO EOLICO CAETITE ABC,,,,,,,,,,,,,,,,,,,,,,,,,,,,,,,,,,,,,,,,,,,,,,,,,,,,,,,,,,,,,,,,,,,,,,,,,,,,,,,,,,,,,,,,,,,,,,,,,,,,,,,,,,,,,,,,,,,,,,,,,,,,,,,,,,,,,,,,,,,,,,,,,,,,,,,,,,,,,,,,,,,,,,,,,,,,,,,,,,,,,,,,,,,,,,,,,,,,,,,,,,,,,,,,,,,,,,,,,,,,,,,,,,,,,,,,,,,,,,,,,,,,,,,,,,,,,,,,,,,,,,,,,,,,,,,,,,,,,,,,,,,,,,,,,,,,,,,,,,,,,,,,,,,,,,,,,,,,,,,,,,,,,,,,,,,,,,,,,,2133.6,2301.6,1982.4,1512,5157.6,2587.2,2990.4,5476.8,3628.8,1041.6,3964.8,3763.2,4401.6,4485.6,4099.2,5493.6,3830.4,3108,3477.6,3796.8,4317.6,2469.6,2133.6,4435.2,5308.8,7543.2,4939.2,3376.8,2755.2,6921.6,6434.4,2923.2,3276,3292.8,6165.6,2620.8,3410.4,3998.4,2721.6,3729.6,4603.2,,,,,,,,,,,,,,,
CONJUNTO EOLICO CALANGO 13,,,,,,,,,,,,,,,,,,,,,,,,,,,,,,,,,,,,,,,,,,,,,,,,,,,,,,,,,,,,,,,,,,,,,,,,,,,,,,,,,,,,,,,,,,,,,,,,,,,,,,,,,,,,,,,,,,,,,,,,,,,,,,,,,,,,,,,,,,,,,,,,,,,,,,,,,,,,,,,,,,,,,,,,,,,,,,,,,,,,,,,,,,,,,,,,,,,,,,,,,,,,,,,,,,,,,,,,,,,,,,,,,,,,,,,,,,,,,,,,,,,,,,,,,,,,,,,,,,,,,,,,,,,,,,,,,,,,,,,,,,,,,,,,,,,,,,,,,,,,,,,,,,,,,,,,,,,,,,,,,,,,,,,,,,,,,,,,,,0,2419.2,873.6,3007.2,4082.4,3544.8,3981.6,4855.2,4368,3998.4,4418.4,2839.2,3796.8,2520,5073.6,7291.2,5090.4,4905.6,4132.8,5056.8,3528,3662.4,1713.6,5308.8,6384,6384,5796,5661.6,0,0,0,0,0,0,168,7156.8,6602.4,4872,4586.4,4317.6,6182.4,6216,6753.6,6652.8,7005.6,4720.8,3981.6,,,,,,,,,
CONJUNTO EOLICO CEARA II,,,,,,,,,,,,,,,,,,,,,,,,,,,,,,,,,,,,,,,,,,,,,,,,,,,,,,,,,,,,,,,,,,,,,,,,,,,,,,,,,,,,,,,,,,,,,,,,,,,,,,,,,,,,,,,,,,,,,,,,,,,,,,,,,,,,,,,,,,,,,,,,,,,,,,,,,,,,,,,,,,,,,,,,,,,,,,,,,,,,,,,,,,,,,,,,,,,,,,,,,,,,,,,,,,,,,,,,,,,,,,,,,,,,,,,,,,,,,,,,,,,,,,,,,,,,,,,,,,,,,,,,,,,,,,,,,,,,,,,,,,,,,,,,,,,,,,,,,,,,,,,,,,,,,,,,,,,,,,,,,,,,,,,,,,,,,,,,,,3561.6,3158.4,1495.2,3057.6,2604,3242.4,2671.2,3746.4,4183.2,3175.2,2822.4,2637.6,2133.6,571.2,2318.4,3796.8,4452,2587.2,2872.8,3864,3494.4,3595.2,3108,3376.8,4989.6,5157.6,4754.4,5544,4166.4,4804.8,6048,6148.8,6552,6568.8,6972,7224,7610.4,7341.6,5980.8,5056.8,7291.2,,,,,,,,,,,,,,,
CONJUNTO EOLICO DOS ARACAS,,,,,,,,,,,,,,,,,,,,,,,,,,,,,,,,,,,,,,,,,,,,,,,,,,,,,,,,,,,,,,,,,,,,,,,,,,,,,,,,,,,,,,,,,,,,,,,,,,,,,,,,,,,,,,,,,,,,,,,,,,,,,,,,,,,,,,,,,,,,,,,,,,,,,,,,,,,,,,,,,,,,,,,,,,,,,,,,,,,,,,,,,,,,,,,,,,,,,,,,,,,,,,,,,,,,,,,,,,,,,,,,,,,,,,,,,,,,,,,,,,,,,,,,,,,,,,,,,,,,,,,,,,,,,,,,,,,,,,,,,,,,,,,,,,,,,,,,,,,,,,,,,,,,,,,,,,,,,,,,,,,,,,,,,,,,,,,,,,2251.2,5544,1881.6,2872.8,12129.6,6451.2,8148,12784.8,8820,6871.2,10970.4,8904,11323.2,9576,10600.8,14229.6,9021.6,8450.4,9223.2,8752.8,7123.2,5056.8,3544.8,7274.4,10147.2,13440,10903.2,8971.2,8198.4,13372.8,14632.8,8383.2,9844.8,11407.2,15220.8,14330.4,13104,12129.6,7828.8,9122.4,10147.2,11138.4,10432.8,14532,11172,2200.8,7795.2,11810.4,3007.2,4519.2,,,,,,
CONJUNTO EOLICO IGAPORA GUIRAPA,,,,,,,,,,,,,,,,,,,,,,,,,,,,,,,,,,,,,,,,,,,,,,,,,,,,,,,,,,,,,,,,,,,,,,,,,,,,,,,,,,,,,,,,,,,,,,,,,,,,,,,,,,,,,,,,,,,,,,,,,,,,,,,,,,,,,,,,,,,,,,,,,,,,,,,,,,,,,,,,,,,,,,,,,,,,,,,,,,,,,,,,,,,,,,,,,,,,,,,,,,,,,,,,,,,,,,,,,,,,,,,,,,,,,,,,,,,,,,,,,,,,,,,,,,,,,,,,,,,,,,,,,,,,,,,,,,,,,,,,,,,,,,,,,,,,,,,,,,,,,,,,,,,,,,,,,,,,,,,,,,,,,,,,,,,,,,,,,,1075.2,1814.4,386.4,1008,3897.6,3057.6,3108,5443.2,3746.4,3040.8,4401.6,3813.6,4704,3796.8,4368,5930.4,4485.6,3813.6,3981.6,4401.6,4334.4,3057.6,1965.6,4384.8,5359.2,5006.4,4536,4720.8,4065.6,3847.2,5628,3864,4536,5090.4,6081.6,5812.8,5510.4,4939.2,3528,3376.8,5560.8,,,,,,,,,,,,,,,
CONJUNTO EOLICO IGAPORA PLANALTINA,,,,,,,,,,,,,,,,,,,,,,,,,,,,,,,,,,,,,,,,,,,,,,,,,,,,,,,,,,,,,,,,,,,,,,,,,,,,,,,,,,,,,,,,,,,,,,,,,,,,,,,,,,,,,,,,,,,,,,,,,,,,,,,,,,,,,,,,,,,,,,,,,,,,,,,,,,,,,,,,,,,,,,,,,,,,,,,,,,,,,,,,,,,,,,,,,,,,,,,,,,,,,,,,,,,,,,,,,,,,,,,,,,,,,,,,,,,,,,,,,,,,,,,,,,,,,,,,,,,,,,,,,,,,,,,,,,,,,,,,,,,,,,,,,,,,,,,,,,,,,,,,,,,,,,,,,,,,,,,,,,,,,,,,,,,,,,,,,,1478.4,3007.2,2805.6,2234.4,5359.2,3192,3628.8,5292,4149.6,3192,4452,3813.6,4956,4216.8,4384.8,5796,4418.4,4200,4586.4,4905.6,4502.4,2889.6,1696.8,4418.4,5762.4,6417.6,5056.8,4317.6,4149.6,6568.8,7207.2,4536,5073.6,5678.4,6988.8,6400.8,6232.8,5846.4,3897.6,3544.8,5863.2,,,,,,,,,,,,,,,
CONJUNTO EOLICO ITAREMA I,,,,,,,,,,,,,,,,,,,,,,,,,,,,,,,,,,,,,,,,,,,,,,,,,,,,,,,,,,,,,,,,,,,,,,,,,,,,,,,,,,,,,,,,,,,,,,,,,,,,,,,,,,,,,,,,,,,,,,,,,,,,,,,,,,,,,,,,,,,,,,,,,,,,,,,,,,,,,,,,,,,,,,,,,,,,,,,,,,,,,,,,,,,,,,,,,,,,,,,,,,,,,,,,,,,,,,,,,,,,,,,,,,,,,,,,,,,,,,,,,,,,,,,,,,,,,,,,,,,,,,,,,,,,,,,,,,,,,,,,,,,,,,,,,,,,,,,,,,,,,,,,,,,,,,,,,,,,,,,,,,,,,,,,,,,,,,,,,,201.6,319.2,352.8,1176,1562.4,2604,2049.6,3343.2,3679.2,957.6,3460.8,2469.6,2553.6,856.8,4082.4,6602.4,8047.2,4116,4872,6921.6,6384,,,,,,,,,,,,,,,,,,,,,,,,,,,,,,,,,,,
CONJUNTO EOLICO ITAREMA V,,,,,,,,,,,,,,,,,,,,,,,,,,,,,,,,,,,,,,,,,,,,,,,,,,,,,,,,,,,,,,,,,,,,,,,,,,,,,,,,,,,,,,,,,,,,,,,,,,,,,,,,,,,,,,,,,,,,,,,,,,,,,,,,,,,,,,,,,,,,,,,,,,,,,,,,,,,,,,,,,,,,,,,,,,,,,,,,,,,,,,,,,,,,,,,,,,,,,,,,,,,,,,,,,,,,,,,,,,,,,,,,,,,,,,,,,,,,,,,,,,,,,,,,,,,,,,,,,,,,,,,,,,,,,,,,,,,,,,,,,,,,,,,,,,,,,,,,,,,,,,,,,,,,,,,,,,,,,,,,,,,,,,,,,,,,,,,,,,,,,,,,,,,,,,,,,,,,,,,6484.8,6249.6,7744.8,12415.2,13759.2,9861.6,8618.4,10248,15640.8,18732,21739.2,23133.6,22831.2,23923.2,25704,26745.6,25872,21957.6,17992.8,23940,24360,24746.4,25384.8,26023.2,21705.6,21823.2,22797.6,,,,,,,,
CONJUNTO EOLICO LIVRAMENTO 2,,,,,,,,,,,,,,,,,,,,,,,,,,,,,,,,,,,,,,,,,,,,,,,,,,,,,,,,,,,,,,,,,,,,,,,,,,,,,,,,,,,,,,,,,,,,,,,,,,,,,,,,,,,,,,,,,,,,,,,,,,,,,,,,,,,,,,,,,,,,,,,,,,,,,,,,,,,,,,,,,,,,,,,,,,,,,,,,,,,,,,,,,,,,,,,,,,,,,,,,,,,,,,,,,,,,,,,,,,,,,,,,,,,,,,,,,,,,,,,,,,,,,,,,,,,,,,,,,,,,,,,,,,,,,,,,,,,,,,,,,,,,,,,,,,,,,,,,,,,,,,,,,,,,,,,,,,,,,,,,,,,,,,,,,,,,,,,,,,8736,8131.2,7576.8,8030.4,5191.2,6988.8,9088.8,7492.8,10584,4872,10012.8,14212.8,10953.6,11004,12448.8,15069.6,12079.2,7946.4,11575.2,11424,8467.2,8803.2,11373.6,7291.2,9307.2,8366.4,12112.8,10869.6,10147.2,14834.4,14700,6921.6,9643.2,10550.4,15422.4,14649.6,11776.8,10970.4,14296.8,13792.8,9710.4,13406.4,12868.8,11172,6871.2,11172,7610.4,10869.6,8685.6,11978.4,8148,6854.4,7946.4,6837.6,9710.4,8198.4
CONJUNTO EOLICO MORRINHOS,,,,,,,,,,,,,,,,,,,,,,,,,,,,,,,,,,,,,,,,,,,,,,,,,,,,,,,,,,,,,,,,,,,,,,,,,,,,,,,,,,,,,,,,,,,,,,,,,,,,,,,,,,,,,,,,,,,,,,,,,,,,,,,,,,,,,,,,,,,,,,,,,,,,,,,,,,,,,,,,,,,,,,,,,,,,,,,,,,,,,,,,,,,,,,,,,,,,,,,,,,,,,,,,,,,,,,,,,,,,,,,,,,,,,,,,,,,,,,,,,,,,,,,,,,,,,,,,,,,,,,,,,,,,,,,,,,,,,,,,,,,,,,,,,,,,,,,,,,,,,,,,,,,,,,,,,,,,,,,,,,,,,,,,,,,,,,,,,,2049.6,4653.6,1881.6,4771.2,11743.2,9139.2,8047.2,12516,10970.4,10752,13053.6,11793.6,14212.8,12684,16027.2,17808,13759.2,15086.4,15976.8,16178.4,20529.6,17035.2,20529.6,19588.8,18261.6,21168,18648,14750.4,15187.2,22646.4,23788.8,15691.2,17169.6,17455.2,20092.8,22108.8,19320,15842.4,15489.6,14834.4,22360.8,,,,,,,,,,,,,,,
CONJUNTO EOLICO QUINTA 138 KV,,,,,,,,,,,,,,,,,,,,,,,,,,,,,,,,,,,,,,,,,,,,,,,,,,,,,,,,,,,,,,,,,,,,,,,,,,,,,,,,,,,,,,,,,,,,,,,,,,,,,,,,,,,,,,,,,,,,,,,,,,,,,,,,,,,,,,,,,,,,,,,,,,,,,,,,,,,,,,,,,,,,,,,,,,,,,,,,,,,,,,,,,,,,,,,,,,,,,,,,,,,,,,,,,,,,,,,,,,,,,,,,,,,,,,,,,,,,,,,,,,,,,,,,,,,,,,,,,,,,,,,,,,,,,,,,,,,,,,,,,,,,,,,,,,,,,,,,,,,,,,,,,,,,,,,,,,,,,,,,,,,,,,,,,,,,,,,,,,9811.2,5376,6703.2,7358.4,6535.2,7946.4,5493.6,3024,7644,4267.2,7324.8,8820,5980.8,4368,8416.8,6300,9828,3679.2,6316.8,9307.2,6048,11995.2,8752.8,4720.8,3864,1848,8517.6,5241.6,6720,8013.6,7828.8,1747.2,6753.6,7694.4,9727.2,12112.8,7459.2,7207.2,5140.8,11793.6,7408.8,8383.2,10584,8215.2,7240.8,7879.2,5896.8,8450.4,4771.2,9727.2,6552,7744.8,5510.4,5510.4,6165.6,5157.6
CONJUNTO EOLICO QUINTA 69 KV,,,,,,,,,,,,,,,,,,,,,,,,,,,,,,,,,,,,,,,,,,,,,,,,,,,,,,,,,,,,,,,,,,,,,,,,,,,,,,,,,,,,,,,,,,,,,,,,,,,,,,,,,,,,,,,,,,,,,,,,,,,,,,,,,,,,,,,,,,,,,,,,,,,,,,,,,,,,,,,,,,,,,,,,,,,,,,,,,,,,,,,,,,,,,,,,,,,,,,,,,,,,,,,,,,,,,,,,,,,,,,,,,,,,,,,,,,,,,,,,,,,,,,,,,,,,,,,,,,,,,,,,,,,,,,,,,,,,,,,,,,,,,,,,,,,,,,,,,,,,,,,,,,,,,,,,,,,,,,,,,,,,,,,,,,,,,,,,,,5745.6,2234.4,3276,3544.8,3662.4,3712.8,2923.2,2032.8,4636.8,2570.4,3360,4737.6,2805.6,2200.8,6132,3057.6,5712,1747.2,3208.8,5224.8,2486.4,5241.6,5056.8,2503.2,1461.6,789.6,4032,2150.4,3528,4485.6,3477.6,772.8,3259.2,4401.6,4771.2,6266.4,4200,3981.6,2805.6,6232.8,3309.6,4468.8,6871.2,4149.6,3158.4,4116,2956.8,4166.4,2100,5359.2,3242.4,3897.6,2620.8,2620.8,3696,3410.4
CONJUNTO EOLICO SANTA BRIGIDA,,,,,,,,,,,,,,,,,,,,,,,,,,,,,,,,,,,,,,,,,,,,,,,,,,,,,,,,,,,,,,,,,,,,,,,,,,,,,,,,,,,,,,,,,,,,,,,,,,,,,,,,,,,,,,,,,,,,,,,,,,,,,,,,,,,,,,,,,,,,,,,,,,,,,,,,,,,,,,,,,,,,,,,,,,,,,,,,,,,,,,,,,,,,,,,,,,,,,,,,,,,,,,,,,,,,,,,,,,,,,,,,,,,,,,,,,,,,,,,,,,,,,,,,,,,,,,,,,,,,,,,,,,,,,,,,,,,,,,,,,,,,,,,,,,,,,,,,,,,,,,,,,,,,,,,,,,,,,,,,,,,,,,,,,,,,,,,,,,7375.2,13221.6,14061.6,24410.4,16346.4,12902.4,16900.8,15036,15842.4,15220.8,14548.8,13305.6,13322.4,11256,15439.2,17018.4,17337.6,16245.6,10164,12919.2,9424.8,8097.6,9928.8,10012.8,13406.4,21252,15338.4,14851.2,10752,17018.4,16279.2,14616,16699.2,13574.4,14700,16296,13792.8,6064.8,0,0,0,,,,,,,,,,,,,,,
CONJUNTO EOLICO SANTA VITORIA DO PALMAR,,,,,,,,,,,,,,,,,,,,,,,,,,,,,,,,,,,,,,,,,,,,,,,,,,,,,,,,,,,,,,,,,,,,,,,,,,,,,,,,,,,,,,,,,,,,,,,,,,,,,,,,,,,,,,,,,,,,,,,,,,,,,,,,,,,,,,,,,,,,,,,,,,,,,,,,,,,,,,,,,,,,,,,,,,,,,,,,,,,,,,,,,,,,,,,,,,,,,,,,,,,,,,,,,,,,,,,,,,,,,,,,,,,,,,,,,,,,,,,,,,,,,,,,,,,,,,,,,,,,,,,,,,,,,,,,,,,,,,,,,,,,,,,,,,,,,,,,,,,,,,,,,,,,,,,,,,,,,,,,,,,,,,,,,,,,,,,,,,50299.2,22478.4,30072,34339.2,30609.6,30273.6,27602.4,21688.8,33734.4,31046.4,29030.4,31752,26644.8,22142.4,49224,36741.6,57153.6,16766.4,21672,44654.4,29937.6,65184,52365.6,20109.6,11188.8,17640,34087.2,25502.4,34507.2,44284.8,29349.6,8500.8,27652.8,38791.2,52567.2,57002.4,36489.6,38488.8,28476,47964,29551.2,52920,62244,44368.8,24880.8,40303.2,27652.8,36842.4,15187.2,48132,26863.2,24192,25855.2,30408,33112.8,28828.8
CONJUNTO EOLICO SENTO SE,,,,,,,,,,,,,,,,,,,,,,,,,,,,,,,,,,,,,,,,,,,,,,,,,,,,,,,,,,,,,,,,,,,,,,,,,,,,,,,,,,,,,,,,,,,,,,,,,,,,,,,,,,,,,,,,,,,,,,,,,,,,,,,,,,,,,,,,,,,,,,,,,,,,,,,,,,,,,,,,,,,,,,,,,,,,,,,,,,,,,,,,,,,,,,,,,,,,,,,,,,,,,,,,,,,,,,,,,,,,,,,,,,,,,,,,,,,,,,,,,,,,,,,,,,,,,,,,,,,,,,,,,,,,,,,,,,,,,,,,,,,,,,,,,,,,,,,,,,,,,,,,,,,,,,,,,,,,,,,,,,,,,,,,,,,,,,,,,,1898.4,4418.4,957.6,2385.6,9391.2,9172.8,8433.6,13406.4,12146.4,11575.2,13876.8,11676,16716,13221.6,18580.8,22159.2,15976.8,15708,16951.2,18816,18043.2,14162.4,8097.6,18379.2,22629.6,28442.4,23856,18950.4,16447.2,25670.4,28375.2,16968,20092.8,22932,23704.8,25536,21991.2,15741.6,16564.8,13490.4,20983.2,,,,,,,,,,,,,,,
CONJUNTO EOLICO TRAIRI,,,,,,,,,,,,,,,,,,,,,,,,,,,,,,,,,,,,,,,,,,,,,,,,,,,,,,,,,,,,,,,,,,,,,,,,,,,,,,,,,,,,,,,,,,,,,,,,,,,,,,,,,,,,,,,,,,,,,,,,,,,,,,,,,,,,,,,,,,,,,,,,,,,,,,,,,,,,,,,,,,,,,,,,,,,,,,,,,,,,,,,,,,,,,,,,,,,,,,,,,,,,,,,,,,,,,,,,,,,,,,,,,,,,,,,,,,,,,,,,,,,,,,,,,,,,,,,,,,,,,,,,,,,,,,,,,,,,,,,,,,,,,,,,,,,,,,,,,,,,,,,,,,,,,,,,,,,,,,,,,,,,,,,,,,,,,,,,,,3780,4502.4,2049.6,6283.2,5796,5930.4,5896.8,7946.4,8584.8,6484.8,5006.4,4536,4368,1058.4,4485.6,4166.4,4552.8,5140.8,6064.8,7744.8,6753.6,6888,7240.8,7459.2,10684.8,9408,8652,11424,9912,11104.8,10768.8,13070.4,13171.2,13070.4,14448,12499.2,14414.4,14397.6,12717.6,9811.2,13238.4,11793.6,14515.2,15405.6,15002.4,13372.8,13389.6,14515.2,6972,11020.8,11625.6,11793.6,11323.2,7963.2,6552,8433.6
EOL ALEGRIA 2,,,,,,,,,,,,,,,,,,,,,,,,,,,,,,,,,,,,,,,,,,,,,,,,,,,,,,,,,,,,,,,,,,,,,,,,,,,,,,,,,,,,,,,,,,,,,,,,,,,,,,,,,,,,,,,,,,,,,,,,,,,,,,,,,,,,,,,,,,,,,,,,,,,,,,,,,,,,,2016,1848,1512,1008,2184,1176,2016,2520,2016,2352,2016,2016,2352,672,336,2688,2520,3024,3528,1680,2856,3360,3192,4368,4200,5376,5208,5880,4872,7224,4536,1848,1680,1848,1512,1512,1344,1512,1680,3360,1176,3360,5376,3864,3024,4704,3024,3360,2184,1848,3360,2088.24,3914.4,3477.6,6491.52,6968.64,6031.2,6373.92,5617.92,6595.68,8499.12,8107.68,5994.24,7833.84,8201.76,7917.84,7526.4,6955.2,6977.04,8287.44,6978.72,6830.88,6731.76,6447.84,5911.92,6745.2,7491.12,5266.8,5592.72,7195.44,5554.08,5414.64,5302.08,4210.08,5293.68,4972.8,3307.92,4117.68,4774.56,3198.72,1653.12,3963.12,4618.32,1350.72,2036.16,1083.6,1807.68,3185.28,4253.76,4055.52,3249.12,4488.96,4846.8,6288.24,4887.12,4673.76,4687.2,6095.04,8161.44,7628.88,7938,7176.96,6782.16,7064.4,8255.52,6780.48,7820.4,8502.48,7650.72,7148.4,7684.32,6946.8,5456.64,6968.64,8106,6793.92,6483.12,7507.92,5493.6,6940.08,7580.16,6864.48,7032.48,5458.32,6972,4848.48,3050.88,2358.72,3378.48,5256.72,1804.32,1831.2,1394.4,3232.32,2409.12,3358.32,2291.52,4856.88,5140.8,5659.92,3860.64,4287.36,4853.52,4020.24,3813.6,4141.2,5720.4,5328.96,3971.52,6815.76,7706.16,10358.88,6867.84,9261.84,3899.28,7538.16,7644,8001.84,6881.28,7753.2,8233.68,7860.72,7188.72,7763.28,5969.04,5658.24,6478.08,6323.52,6839.28,5658.24,5118.96,2570.4,2368.8,1008,3259.2,2704.8,2940,3763.2,3511.2,4502.4,4435.2,3931.2,4838.4,3612,2452.8,3192,5040,5325.6,4267.2,3679.2,4384.8,4149.6,3578.4,3427.2,4804.8,5728.8,7660.8,6266.4,6904.8,4284,8181.6,7929.6,4183.2,7106.4,6619.2,8568,9508.8,8013.6,7929.6,6804,6787.2,6417.6,5124,6232.8,5829.6,6232.8,6636,7173.6,7509.6,6098.4,6300,6064.8,6367.2,7156.8,5980.8,5661.6,6484.8
EOL ALEGRIA I,,,,,,,,,,,,,,,,,,,,,,,,,,,,,,,,,,,,,,,,,,,,,,,,,,,,,,,,,,,,,,,,,,,,,,,,,,,,,,,,,,,,,,,,,,,,,,,,,,,,,,,,,,,,3360,1680,1680,3192,1680,1680,4872,4368,4032,4032,4368,3360,3024,3360,3360,3864,3360,3360,2184,3024,0,0,672,3192,3360,2688,3024,3360,3528,2016,1680,1848,2016,1176,1680,1344,2352,2016,2016,2856,3024,3024,2688,1848,2016,2352,2856,3528,1680,3696,3528,3192,2016,4536,2352,4032,4704,4200,4536,3864,2856,4200,336,672,4200,3192,3528,3360,1848,3024,3024,3528,3864,3864,3024,3696,3360,2856,4032,2520,1680,1848,2016,1680,1512,1344,1344,840,1680,672,1848,2856,2184,1008,1848,1176,1344,1008,840,2016,1261.68,2254.56,2029.44,3667.44,3304.56,2840.88,3398.64,3183.6,3585.12,4529.28,4294.08,3245.76,4174.8,4488.96,4255.44,4080.72,3801.84,3827.04,4457.04,3840.48,3744.72,3707.76,3507.84,2988.72,3492.72,3932.88,2810.64,3104.64,3853.92,3066,3114.72,3086.16,2331.84,2921.52,2814,1841.28,2262.96,2545.2,1727.04,908.88,2254.56,2614.08,838.32,1189.44,643.44,1048.32,1722,2246.16,2113.44,1837.92,2503.2,2704.8,3528,2745.12,2787.12,2691.36,3633.84,4357.92,4087.44,4070.64,3761.52,3660.72,3852.24,4413.36,3571.68,4284,4616.64,4032,3801.84,4163.04,3726.24,2958.48,3811.92,4374.72,3640.56,3459.12,3944.64,2951.76,3788.4,4020.24,3731.28,3864,2966.88,3774.96,2625.84,1727.04,1328.88,1916.88,2810.64,1009.68,893.76,750.96,1735.44,1338.96,2004.24,1249.92,2504.88,2572.08,2869.44,2195.76,2498.16,2709.84,2278.08,2142,2420.88,3045.84,2856,2316.72,3660.72,4650.24,4987.92,3341.52,4693.92,2592.24,3912.72,3998.4,4008.48,3625.44,4188.24,4277.28,4070.64,3941.28,4154.64,3294.48,3066,3517.92,3449.04,3759.84,3104.64,2785.44,1310.4,1411.2,520.8,1915.2,1596,1612.8,2116.8,1932,2486.4,2553.6,2217.6,2671.2,2167.2,1327.2,1730.4,2721.6,2906.4,2335.2,1965.6,2452.8,2217.6,1932,1915.2,2688,3158.4,4233.6,3544.8,3662.4,2352,4384.8,4250.4,2284.8,3864,3712.8,4569.6,5040,4233.6,4200,3628.8,3712.8,3544.8,3007.2,3444,3931.2,3931.2,3460.8,3595.2,4082.4,3292.8,3292.8,3410.4,3494.4,3981.6,3158.4,3007.2,3259.2
EOL AREIA BRA,,,,,,,,,,,,,,,,,,,,,,,,,,,,,,,,,,,,,,,,,,,,,,,,,,,,,,,,,,,,,,,,,,,,,,,,,,,,,,,,,,,,,,,,,,,,,,,,,,,,,,,,,,,,,,,,,,,,,,,,,,,,,,,,,,,,,,,,,,,,,,,,,,,,,,,,,,,,,,,,,,,,,,,,,,,,,,,,,,,,,,,,,,,,,,,,,,,,,,,,,,,,,,,,,,,,,,,,,,,,,,,,,,,,,,,,,,,,,,,,,,,,,,,,,,,,,,,,,,,,,,,,,,,,,,,,,,,,,,,,,,,,,,,,,,,,,,,,,,,,,,,,,,,,,,,,,,,,,,,,,,,,,,,,,,,,,,,,,,756,1125.6,537.6,1629.6,1260,1478.4,1512,1680,1327.2,1814.4,1932,1814.4,1663.2,974.4,1562.4,2083.2,2620.8,1764,1512,2234.4,1848,1596,1495.2,1932,2436,2923.2,2318.4,2721.6,2402.4,2755.2,2906.4,3007.2,2822.4,2822.4,2990.4,3276,3074.4,2671.2,2587.2,2268,2956.8,2654.4,3040.8,3124.8,3427.2,2671.2,2536.8,2738.4,1814.4,1814.4,2301.6,2116.8,2116.8,1982.4,1982.4,2268
EOL B.VENTOS,,,,,,,,,,,,,,,,,,,,,,,,,,,,,,,,,,,,,,,,,,,,,,,7728,6216,7056,6720,7056,6720,5208,7560,7224,1848,2184,1344,2016,2352,1680,2184,2520,2688,2352,2184,2352,1344,1008,2688,3192,2184,2016,2520,1176,2352,3192,1848,2688,2352,1344,504,1680,2856,1344,1344,336,1344,504,672,1512,1680,672,840,0,336,504,672,1344,2184,1680,1008,1176,1512,1512,2016,1512,1680,2856,2856,3192,3360,3864,4536,4200,4032,4872,5880,4200,2688,3528,3528,5376,4704,5208,4872,5040,3864,5040,4032,3360,5544,3696,3360,5040,4368,3024,1848,3192,2856,3024,3024,3864,4032,3360,2184,3696,4200,4032,3192,3528,3864,4536,4368,3192,2520,3360,4368,4368,4536,3864,4032,4536,4368,5376,5040,4536,5040,5544,5880,5040,5208,3864,3192,4704,4200,3528,5208,3696,3864,4200,4704,3528,4200,2520,3864,4368,0,0,0,0,0,0,0,2184,1512,1176,1848,1680,2352,1680,3192,2016,1848,1512,1344,1512,1930.32,2842.56,2530.08,3696,4779.6,4840.08,4174.8,,5223.12,5147.52,5428.08,3946.32,4448.64,4588.08,6002.64,5572.56,4860.24,3235.68,3551.52,4924.08,3751.44,3528,3531.36,3186.96,3917.76,5438.16,3697.68,3902.64,4366.32,3810.24,3650.64,3942.96,2651.04,3714.48,2284.8,2088.24,3186.96,2644.32,1589.28,426.72,2281.44,2847.6,863.52,1879.92,529.2,1085.28,1606.08,2965.2,2970.24,2325.12,2849.28,3403.68,3642.24,3596.88,4404.96,2834.16,4690.56,4327.68,4075.68,5453.28,3736.32,4704,5633.04,5611.2,5082,5041.68,6300,5676.72,5733.84,5577.6,3739.68,2911.44,4616.64,4598.16,4404.96,3633.84,5476.8,3082.8,3926.16,5532.24,4174.8,3697.68,2886.24,3837.12,2572.08,1859.76,1599.36,3338.16,3492.72,757.68,539.28,604.8,2019.36,1244.88,3323.04,2335.2,3536.4,3281.04,3885.84,3284.4,3281.04,3810.24,2474.64,2642.64,3077.76,4697.28,4102.56,3608.64,4668.72,4772.88,4593.12,5129.04,5181.12,4972.8,5579.28,6168.96,5854.8,4369.68,6053.04,5038.32,5093.76,4727.52,4804.8,3128.16,2326.8,4020.24,3228.96,4085.76,3724.56,3563.28,907.2,1915.2,487.2,2704.8,1713.6,2637.6,2133.6,3158.4,3158.4,2822.4,3393.6,2721.6,2788.8,940.8,1730.4,2805.6,4334.4,2553.6,2486.4,3561.6,2805.6,2688,1982.4,2906.4,3410.4,3696,3326.4,4468.8,3292.8,3444,3780,4435.2,4435.2,4653.6,5258.4,5208,5376,4888.8,4603.2,3864,4704,4620,5594.4,4922.4,5174.4,4065.6,4183.2,4334.4,2402.4,2704.8,3292.8,3376.8,3276,3124.8,2923.2,3259.2
EOL BEBERIBE,,,,,,,,,,,,,,,,,,,,,,,,,,,,,,,,,,,,,,,,,,,,,,,,,,,,,,,,,,,,,,,,,,,,,,,,,,,,,,,,,,,,,,,,,,,,,,,,,,,,,,,,,,,,,,,,,,,,,,,,,,,,,,,,,,,,,,,,,,,,,,,,,,,,,,,,,,,,,,,,,,,,,,,,,,,,,,,,,,,,,,,,,,,,,,,,,,,,,,,,,,,,,,,,,,,,,,,,,,,,,,,,,,,,,,,,,,,,,,,,,,,,,,,,,,,,,,,,,,,,,,,,,,,,,,,,,,,,,,,,,,,,,,,,,,,,,,,,,,,,,,,,,,,,,,,,,,,,,,,,,,,,,,,,,,,,,,,,,,974.4,1192.8,1192.8,1192.8,1192.8,1192.8,1192.8,1192.8,1192.8,1192.8,1192.8,1192.8,1192.8,1192.8,1192.8,1192.8,1192.8,1192.8,1192.8,1024.8,856.8,1024.8,1192.8,1192.8,1192.8,1192.8,1192.8,1176,1192.8,1192.8,856.8,1024.8,1192.8,1192.8,504,672,336,168,0,0,0,0,0,0,0,0,0,0,0,0,0,0,0,0,0,0
EOL BOCA CORR,,,,,,,,,,,,,,,,,,,,,,,,,,,,,,,,,,,,,,,,,,,,,,,,,,,,,,,,,,,,,,,,,,,,,,,,,,,,,,,,,,,,,,,,,,,,,,,,,,,,,,,,,,,,,,,,,,,,,,,,,,,,,,,,,,,,,,,,,,,,,,,,,,,,,,,,,,,,,,,,,,,,,,,,,,,,,,,,,,,,,,,,,,,,,,,,,,,,,,,,,,,,,,,,,,,,,,,,,,,,,,,,,,,,,,,,,,,,,,,,,,,,,,,,,,,,,,,,,,,,,,,,,,,,,,,,,,,,,,,,,,,,,,,,,,,,,,,,,,,,,,,,,,,,,,,,,,,,,,,,,,,,,,,,,,,,,,,,,,873.6,873.6,420,1075.2,907.2,1041.6,991.2,1327.2,1444.8,1075.2,890.4,823.2,588,201.6,957.6,1411.2,1478.4,705.6,924,1243.2,1260,1075.2,1075.2,1108.8,1579.2,1612.8,1495.2,2116.8,1629.6,1965.6,2335.2,2486.4,2335.2,2385.6,2805.6,2805.6,2704.8,2503.2,2503.2,2688,2839.2,2654.4,2604,2620.8,3074.4,2268,2184,2604,1780.8,1932,1696.8,1612.8,2032.8,1360.8,1041.6,1411.2
EOL C.QUEBRAD,,,,,,,,,,,,,,,,,,,,,,,,,,,,,,,,,,,,,,,,,,,,,,,3024,2520,2856,1848,2184,1512,2016,1680,2688,4200,4200,3192,4200,5208,4536,5544,5208,5712,5208,4536,5208,3360,2184,5712,6384,4536,3864,4032,2184,3360,4704,3024,4200,3360,1680,1008,2184,3528,1512,1512,504,1680,504,1008,1680,1008,336,504,0,168,336,672,1848,2520,2016,1512,2184,2352,1848,2352,1848,2184,3528,3024,4032,4200,4536,5544,5040,4872,5712,7056,5208,3696,4200,4200,6552,5544,6216,5712,6216,4704,6216,4872,4200,6720,4368,4032,5544,4368,3528,2184,3528,3528,3528,3696,4536,4872,3864,2688,4032,4872,4704,4032,4032,4704,5376,5208,3864,3024,3864,5040,5208,5376,4536,4200,4032,5208,6216,6048,5544,5712,6552,6720,6048,6216,4872,4032,5712,5040,4200,6048,4032,4368,5040,5712,4200,5040,3192,4536,5208,0,0,0,0,0,0,0,2856,1680,1512,1008,2184,2856,2184,3864,2520,2352,2184,1512,1848,2346.96,3507.84,3066,4541.04,5728.8,5780.88,5014.8,,6254.64,6147.12,6988.8,5117.28,5475.12,5586,7118.16,6644.4,5881.68,4376.4,5206.32,6316.8,4861.92,4384.8,4472.16,3939.6,4690.56,6652.8,4500.72,4836.72,5307.12,4673.76,4426.8,4746,3277.68,4640.16,2819.04,2719.92,3860.64,3349.92,2012.64,546,2780.4,3161.76,1038.24,2276.4,656.88,1293.6,2066.4,3669.12,3516.24,2738.4,3420.48,4127.76,4357.92,4415.04,5234.88,3534.72,5787.6,5154.24,4663.68,6432.72,4551.12,5612.88,6022.8,6355.44,5925.36,5903.52,7323.12,6728.4,6434.4,6770.4,4494,3504.48,5441.52,5508.72,5644.8,4403.28,6209.28,3596.88,4712.4,6459.6,4979.52,4268.88,3338.16,4625.04,3081.12,2271.36,1984.08,3929.52,4252.08,945.84,687.12,727.44,2474.64,1540.56,3882.48,2824.08,4408.32,3805.2,4650.24,3969.84,3919.44,4746,3161.76,3329.76,4709.04,6148.8,5325.6,4583.04,5631.36,5915.28,5130.72,6044.64,5900.16,5878.32,6649.44,7215.6,7449.12,5664.96,7304.64,6175.68,6219.36,5964,5686.8,3959.76,2919.84,4898.88,4277.28,5209.68,4574.64,4236.96,1226.4,2335.2,604.8,3360,1982.4,3124.8,2671.2,3914.4,3847.2,3477.6,4099.2,3259.2,3259.2,1159.2,2049.6,3360,5275.2,3108,3040.8,4384.8,3679.2,3511.2,2520,3780,3561.6,4032,3662.4,4888.8,3830.4,3998.4,4855.2,5426.4,5359.2,5460,4737.6,5376,5695.2,5712,5594.4,4536,5426.4,5678.4,6501.6,5930.4,6249.6,4636.8,5258.4,5812.8,3528,3712.8,4670.4,4485.6,4082.4,3981.6,3712.8,4132.8
EOL CIDREIRA1,,,,,,,,,,,,,,,,,,,,,,,,,,,,,,,,,,,,,,,,,,,,,,,,,,,,,,,,,,,,,,,,,,,,,,,,,,,,,,,,,,,,,,,,,,,,,,,,,,,,,,,,,,,,5208,6384,6720,5040,4536,5376,6048,5040,3528,3696,4200,3864,4872,5712,5712,3696,4368,5040,6888,5208,2352,2688,6720,3696,6048,2856,3696,4704,1848,4200,1848,3360,4536,2688,2352,2688,3360,3864,3192,2688,5208,2520,4704,2688,2184,3864,2688,1680,2520,2016,4200,3192,3192,4872,4704,6888,6216,4032,4536,4536,5712,6384,5040,5544,4704,3528,5880,4704,5544,4032,3528,3528,3528,4200,5208,2520,2688,4872,5040,4368,840,2016,1680,1848,2688,1680,1848,4200,4032,2016,2856,4200,2688,1344,2352,1680,1344,3864,4200,2856,3186.96,1713.6,4127.76,1501.92,4782.96,2945.04,4136.16,4685.52,3922.8,4976.16,4448.64,3606.96,3203.76,5695.2,3124.8,5696.88,8279.04,9268.56,6014.4,4848.48,7188.72,4872,5150.88,6187.44,4011.84,2921.52,3719.52,1335.6,3183.6,3638.88,1916.88,4122.72,8200.08,3094.56,6622.56,1987.44,3242.4,5160.96,5874.96,3433.92,4667.04,1972.32,5171.04,1698.48,2968.56,3119.76,3312.96,4453.68,6103.44,2845.92,2094.96,5769.12,3590.16,7556.64,5223.12,2899.68,3946.32,3699.36,2750.16,6200.88,6788.88,4811.52,5029.92,5026.56,5218.08,6083.28,4445.28,4200,5906.88,5231.52,2640.96,4532.64,3548.16,4655.28,4562.88,6103.44,5129.04,2200.8,2753.52,3012.24,3148.32,1890,6599.04,1765.68,4110.96,1436.4,5376,2941.68,2704.8,3749.76,3880.8,3077.76,4418.4,2995.44,2520,3057.6,4411.68,4430.16,4712.4,1338.96,2251.2,3870.72,4673.76,2635.92,4250.4,2898,3524.64,1627.92,6214.32,5125.68,5276.88,5772.48,3633.84,3494.4,3796.8,5770.8,4245.36,5157.6,5006.4,4267.2,7148.4,4247.04,5070.24,6273.12,7203.84,5019.84,2936.64,2474.64,2320.08,3637.2,7056,3124.8,3477.6,5292,2301.6,4788,4552.8,1780.8,4267.2,2553.6,3645.6,4989.6,2788.8,3158.4,4082.4,2604,5964,2184,2520,5997.6,3981.6,3494.4,5829.6,3830.4,2553.6,2486.4,4300.8,4401.6,4250.4,4788,4620,1932,3864,4670.4,2419.2,5107.2,5997.6,5460,2184,6854.4,5493.6,5980.8,8080.8,5611.2,5829.6,5695.2,3679.2,5493.6,2016,5544,3763.2,4552.8,3141.6,3645.6,3057.6,2469.6
EOL COLONIA,,,,,,,,,,,,,,,,,,,,,,,,,,,,,,,,,,,,,,,,,,,,,,,,,,,,,,,,,,,,,,,,,,,,,,,,,,,,,,,,,,,,,,,,,,,,,,,,,,,,,,,,,,,,,,,,,,,,,,,,,,,,,,,,,,,,,,,,,,,,,,,,,,,,,,,,,,,,,,,,,,,,,,,,,,,,,,,,,,,,,,,,,,,,,,,,,,,,,,,,,,,,,,,,,,,,,,,,,,,,,,,,,,,,,,,,,,,,,,,,,,,,,,,,,,,,,,,,,,,,,,,,,,,,,,,,,,,,,,,,,,,,,,,,,,,,,,,,,,,,,,,,,,,,,,,,,,,,,,,,,,,,,,,,,,,,,,,,,,705.6,890.4,403.2,1327.2,991.2,1360.8,1075.2,1428,1495.2,1276.8,1108.8,1024.8,856.8,352.8,1142.4,1562.4,1764,1008,1226.4,1478.4,1360.8,1293.6,1293.6,1629.6,2032.8,2083.2,1764,2150.4,1948.8,2016,1982.4,2049.6,2100,2016,2318.4,2503.2,2536.8,2587.2,2402.4,1898.4,2352,2604,2620.8,2553.6,2402.4,2200.8,2251.2,2318.4,1646.4,1881.6,1848,1965.6,1982.4,1478.4,1276.8,1646.4
EOL D.INDIOS,4989.6,2150.4,4536,1176,3360,2016,2856,1344,1176,2016,3192,3528,3696,2520,2856,2688,3360,1848,2688,2520,3528,2352,3696,3024,2856,1848,2520,1512,2016,1008,840,672,2856,1008,4032,672,1848,2352,1512,672,1848,840,840,840,840,3024,3528,3192,3024,2520,2184,1512,1176,3024,3528,4200,1176,2688,2688,1680,3696,4200,3864,2688,3864,2016,2352,1848,1344,2688,2184,3192,1512,2184,2688,2352,2856,1008,1512,1344,2016,672,1848,840,1512,1344,1848,4200,2520,3192,2856,840,672,2016,1848,2184,1344,2016,2016,840,2688,1680,2688,3024,3528,2856,2856,2856,4704,3864,3192,3024,3528,3528,3528,2352,2688,1848,2520,3360,3696,3696,2184,2688,3528,4200,3192,1512,1512,3696,2016,3360,1344,1344,2352,1008,1848,840,1848,2184,1008,1848,1848,2184,2184,1512,1176,3528,1176,2856,1176,1176,1008,1680,1344,1344,1344,2520,1680,1680,2688,2520,3696,3528,2184,2856,2520,3528,3360,3024,2520,2520,2016,3192,2352,3696,2184,8064,8064,1008,1848,1848,1680,504,2184,1680,2184,2016,1512,2184,1680,1512,1344,1512,2184,2352,1008,1512,2352,1176,840,2016,1008,672,2184,2856,1344,767.76,0,0,641.76,1187.76,0,843.36,2535.12,1960.56,1506.96,2815.68,2056.32,1622.88,2983.68,1517.04,2943.36,5594.4,4112.64,3383.52,2385.6,4319.28,3018.96,2961.84,3810.24,2024.4,1095.36,1926.96,643.44,1550.64,1456.56,633.36,1883.28,4557.84,1214.64,1669.92,991.2,1685.04,2768.64,2719.92,2014.32,2740.08,661.92,3018.96,796.32,1254.96,1735.44,1777.44,2709.84,3522.96,1298.64,1105.44,3796.8,1948.8,3586.8,3064.32,1515.36,2103.36,2058,1186.08,3944.64,4614.96,2404.08,2966.88,2745.12,2973.6,3539.76,2388.96,2032.8,2780.4,2877.84,787.92,2303.28,1938.72,2889.6,1963.92,2491.44,2906.4,1147.44,1411.2,1470,1584.24,777.84,3366.72,890.4,1752.24,566.16,2478,1164.24,1374.24,1609.44,2273.04,1127.28,2634.24,1478.4,1108.8,1550.64,2148.72,1809.36,2274.72,383.04,1058.4,2088.24,2155.44,1229.76,2494.8,1426.32,1947.12,448.56,2948.4,1861.44,2609.04,3259.2,1784.16,1752.24,1718.64,2501.52,2167.2,2918.16,3173.52,2331.84,4231.92,2262.96,2901.36,3874.08,4334.4,2684.64,1728.72,2150.4,2168.88,1950.48,3864,1596,1831.2,3007.2,1142.4,2772,2200.8,1058.4,2032.8,1344,1596,2284.8,1629.6,1428,1797.6,1008,3729.6,1192.8,705.6,3847.2,2032.8,2100,3981.6,2419.2,1360.8,1008,2419.2,2772,2587.2,3276,2368.8,856.8,2520,2083.2,957.6,3561.6,3780,2990.4,1125.6,5140.8,2637.6,3276,5342.4,3259.2,2671.2,3376.8,2066.4,2688,806.4,2990.4,1999.2,2352,1596,1747.2,1629.6,1058.4
EOL EMBUACA,,,,,,,,,,,,,,,,,,,,,,,,,,,,,,,,,,,,,,,,,,,,,,,,,,,,,,,,,,,,,,,,,,,,,,,,,,,,,,,,,,,,,,,,,,,,,,,,,,,,,,,,,,,,,,,,,,,,,,,,,,,,,,,,,,,,,,,,,,,,,,,,,,,,,,,,,,,,,,,,,,,,,,,,,,,,,,,,,,,,,,,,,,,,,,,,,,,,,,,,,,,,,,,,,,,,,,,,,,,,,,,,,,,,,,,,,,,,,,,,,,,,,,,,,,,,,,,,,,,,,,,,,,,,,,,,,,,,,,,,,,,,,,,,,,,,,,,,,,,,,,,,,,,,,,,,,,,,,,,,,,,,,,,,,,,,,,,,,,940.8,907.2,453.6,1260,974.4,1310.4,1024.8,1243.2,1478.4,924,957.6,940.8,722.4,252,1008,1629.6,1848,873.6,1058.4,1310.4,1226.4,1192.8,1344,1360.8,1713.6,1881.6,1680,1982.4,1797.6,1848,1612.8,2150.4,1982.4,1999.2,2083.2,2200.8,2738.4,2301.6,2284.8,1965.6,2368.8,2368.8,3057.6,3007.2,2906.4,1932,722.4,1360.8,890.4,924,1310.4,1024.8,1293.6,420,537.6,722.4
EOL ENACEL,,,,,,,,,,,,,,,,,,,,,,,,,,,,,,,,,,,,,,,,,,,,,,,,,,,,,,,,,,,,,,,,,,,,,,,,,,,,,,,,,,,,,,,,,,,,,,,,,,,,,,,,,,,,840,2016,1512,1848,2016,2184,2688,2352,2184,2856,3696,2856,2184,2352,2352,3360,3024,3360,3192,3192,2688,3360,2688,2352,3360,2352,2016,3024,2520,1848,1176,1848,1848,1680,2016,2184,2520,1848,1512,2184,2520,2184,2352,2184,2352,2688,2520,1848,1344,1848,2520,2520,2520,2184,2016,2520,2520,3024,2520,2856,3024,3192,3528,3024,3360,2688,2184,2688,2856,2352,3360,2520,2688,2856,3024,2520,2520,1848,2688,2856,0,0,0,0,0,0,0,1680,1176,672,1008,1008,1344,1008,2016,1344,1176,1176,672,840,1063.44,1764,1574.16,2029.44,2686.32,2646,2383.92,,2958.48,2899.68,3338.16,2575.44,2377.2,2567.04,3531.36,3277.68,3027.36,1458.24,2382.24,2629.2,2593.92,2520,2545.2,2388.96,2850.96,3517.92,2478,2096.64,2913.12,2459.52,2056.32,2444.4,1651.44,2437.68,1651.44,1478.4,2041.2,1755.6,1002.96,364.56,1473.36,1859.76,505.68,1061.76,339.36,606.48,1081.92,1713.6,1518.72,1176,1626.24,1873.2,2022.72,2136.96,2430.96,1604.4,2884.56,2427.6,2358.72,3240.72,2276.4,2719.92,3378.48,3371.76,3245.76,2760.24,3704.4,3474.24,3541.44,3356.64,2508.24,2115.12,2960.16,2908.08,3291.12,2550.24,3564.96,2220.96,2634.24,3232.32,2750.16,2420.88,1933.68,2642.64,1994.16,1221.36,1152.48,2051.28,2115.12,524.16,379.68,482.16,1276.8,927.36,2088.24,1483.44,2328.48,2110.08,2417.52,2058,2012.64,2284.8,1555.68,1611.12,1972.32,2931.6,2560.32,2026.08,2684.64,2866.08,2708.16,3376.8,3066,3349.92,3306.24,3667.44,3696,2716.56,3454.08,2892.96,3000.48,3089.52,3045.84,2299.92,1824.48,2664.48,2568.72,2950.08,2469.6,2261.28,957.6,1360.8,302.4,1713.6,974.4,1612.8,1293.6,1680,1814.4,1747.2,1999.2,1898.4,1512,571.2,1058.4,1310.4,2368.8,1528.8,1579.2,2150.4,1831.2,1797.6,1528.8,1831.2,1999.2,2167.2,1915.2,2620.8,1898.4,1780.8,2116.8,2721.6,2738.4,2822.4,2822.4,2805.6,3124.8,3091.2,2940,2385.6,3040.8,2923.2,3511.2,3074.4,3343.2,2889.6,2956.8,3192,2167.2,2268,2469.6,2318.4,2268,2385.6,2200.8,2452.8
EOL FAISA I,,,,,,,,,,,,,,,,,,,,,,,,,,,,,,,,,,,,,,,,,,,,,,,,,,,,,,,,,,,,,,,,,,,,,,,,,,,,,,,,,,,,,,,,,,,,,,,,,,,,,,,,,,,,,,,,,,,,,,,,,,,,,,,,,,,,,,,,,,,,,,,,,,,,,,,,,,,,,,,,,,,,,,,,,,,,,,,,,,,,,,,,,,,,,,,,,,,,,,,,,,,,,,,,,,,,,,,,,,,,,,,,,,,,,,,,,,,,,,,,,,,,,,,,,,,,,,,,,,,,,,,,,,,,,,,,,,,,,,,,,,,,,,,,,,,,,,,,,,,,,,,,,,,,,,,,,,,,,,,,,,,,,,,,,,,,,,,,,,806.4,890.4,336,1142.4,856.8,1041.6,924,1176,1260,924,890.4,873.6,672,235.2,907.2,1411.2,1596,789.6,1008,1209.6,1125.6,1041.6,1243.2,1209.6,1764,1629.6,1562.4,1848,1680,1646.4,1696.8,1075.2,520.8,1041.6,2066.4,2503.2,3141.6,2637.6,2419.2,2116.8,2856,2738.4,3124.8,3007.2,3208.8,2184,2352,2604,1646.4,1730.4,1831.2,1948.8,1713.6,1125.6,1024.8,1327.2
EOL FAISA II,,,,,,,,,,,,,,,,,,,,,,,,,,,,,,,,,,,,,,,,,,,,,,,,,,,,,,,,,,,,,,,,,,,,,,,,,,,,,,,,,,,,,,,,,,,,,,,,,,,,,,,,,,,,,,,,,,,,,,,,,,,,,,,,,,,,,,,,,,,,,,,,,,,,,,,,,,,,,,,,,,,,,,,,,,,,,,,,,,,,,,,,,,,,,,,,,,,,,,,,,,,,,,,,,,,,,,,,,,,,,,,,,,,,,,,,,,,,,,,,,,,,,,,,,,,,,,,,,,,,,,,,,,,,,,,,,,,,,,,,,,,,,,,,,,,,,,,,,,,,,,,,,,,,,,,,,,,,,,,,,,,,,,,,,,,,,,,,,,772.8,890.4,336,1226.4,924,1142.4,924,1209.6,1260,957.6,924,890.4,672,218.4,907.2,1243.2,1461.6,722.4,756,1008,940.8,924,1075.2,1092,1663.2,1562.4,1495.2,1814.4,1612.8,789.6,705.6,907.2,756,772.8,1209.6,2301.6,2839.2,2284.8,2251.2,1898.4,2604,2469.6,2805.6,2688,3158.4,2301.6,2150.4,2251.2,1663.2,1831.2,1965.6,2016,1864.8,1276.8,1092,1428
EOL FAISA III,,,,,,,,,,,,,,,,,,,,,,,,,,,,,,,,,,,,,,,,,,,,,,,,,,,,,,,,,,,,,,,,,,,,,,,,,,,,,,,,,,,,,,,,,,,,,,,,,,,,,,,,,,,,,,,,,,,,,,,,,,,,,,,,,,,,,,,,,,,,,,,,,,,,,,,,,,,,,,,,,,,,,,,,,,,,,,,,,,,,,,,,,,,,,,,,,,,,,,,,,,,,,,,,,,,,,,,,,,,,,,,,,,,,,,,,,,,,,,,,,,,,,,,,,,,,,,,,,,,,,,,,,,,,,,,,,,,,,,,,,,,,,,,,,,,,,,,,,,,,,,,,,,,,,,,,,,,,,,,,,,,,,,,,,,,,,,,,,,688.8,806.4,302.4,1075.2,840,991.2,873.6,1075.2,1159.2,823.2,840,806.4,655.2,235.2,957.6,1344,1562.4,756,957.6,1075.2,1041.6,974.4,1209.6,1024.8,1612.8,1596,1512,1831.2,1596,1680,1747.2,1713.6,1209.6,1562.4,2536.8,2839.2,2822.4,2251.2,2167.2,1831.2,2587.2,2469.6,2856,2721.6,2990.4,2083.2,2234.4,2318.4,1612.8,1663.2,1730.4,1864.8,1646.4,1125.6,974.4,1226.4
EOL FAISA IV,,,,,,,,,,,,,,,,,,,,,,,,,,,,,,,,,,,,,,,,,,,,,,,,,,,,,,,,,,,,,,,,,,,,,,,,,,,,,,,,,,,,,,,,,,,,,,,,,,,,,,,,,,,,,,,,,,,,,,,,,,,,,,,,,,,,,,,,,,,,,,,,,,,,,,,,,,,,,,,,,,,,,,,,,,,,,,,,,,,,,,,,,,,,,,,,,,,,,,,,,,,,,,,,,,,,,,,,,,,,,,,,,,,,,,,,,,,,,,,,,,,,,,,,,,,,,,,,,,,,,,,,,,,,,,,,,,,,,,,,,,,,,,,,,,,,,,,,,,,,,,,,,,,,,,,,,,,,,,,,,,,,,,,,,,,,,,,,,,621.6,739.2,252,1024.8,722.4,940.8,789.6,974.4,1058.4,756,739.2,672,554.4,184.8,756,1142.4,1394.4,688.8,840,1041.6,974.4,907.2,1058.4,1108.8,1579.2,1478.4,1344,1680,1461.6,1092,1058.4,974.4,184.8,201.6,672,1814.4,2503.2,2032.8,1864.8,1545.6,2284.8,2200.8,2570.4,2469.6,2654.4,1948.8,2066.4,2318.4,1495.2,1596,1646.4,1696.8,1562.4,1024.8,907.2,1159.2
EOL FAISA V,,,,,,,,,,,,,,,,,,,,,,,,,,,,,,,,,,,,,,,,,,,,,,,,,,,,,,,,,,,,,,,,,,,,,,,,,,,,,,,,,,,,,,,,,,,,,,,,,,,,,,,,,,,,,,,,,,,,,,,,,,,,,,,,,,,,,,,,,,,,,,,,,,,,,,,,,,,,,,,,,,,,,,,,,,,,,,,,,,,,,,,,,,,,,,,,,,,,,,,,,,,,,,,,,,,,,,,,,,,,,,,,,,,,,,,,,,,,,,,,,,,,,,,,,,,,,,,,,,,,,,,,,,,,,,,,,,,,,,,,,,,,,,,,,,,,,,,,,,,,,,,,,,,,,,,,,,,,,,,,,,,,,,,,,,,,,,,,,,806.4,907.2,352.8,1176,957.6,1108.8,1024.8,1176,1310.4,957.6,890.4,873.6,672,252,924,1276.8,1646.4,823.2,1075.2,1226.4,1125.6,1041.6,1276.8,1159.2,1831.2,1747.2,1663.2,2066.4,1764,1377.6,1512,1192.8,722.4,823.2,957.6,789.6,2234.4,1915.2,1948.8,1848,2620.8,2536.8,2973.6,2788.8,3024,2217.6,2301.6,2436,1747.2,1730.4,1814.4,1915.2,1713.6,873.6,1024.8,1293.6
EOL FORMOSA,,,0,0,0,1512,5712,6384,5880,8064,6720,6552,6048,5040,7056,6048,7224,8904,8736,8064,2016,8064,9576,6552,6384,4368,5376,5544,4872,4872,6720,4872,6720,6720,5880,4704,7056,1848,2520,1512,1344,1512,1176,1344,1344,2352,3528,2688,2016,2520,3024,1848,840,6216,3192,3192,5040,8064,5040,7224,7392,8064,7056,9240,8904,8232,9744,5712,5376,9240,7896,6720,8568,8568,6048,3864,5544,4704,3192,2688,1848,1008,2016,3528,1680,1680,840,1344,1008,1344,840,1680,336,1008,336,504,0,1008,1008,1848,1680,2184,1848,2688,3024,2520,2184,2016,5544,3528,5040,8232,7896,6720,5544,6552,6216,8736,6888,5376,6048,6048,8568,9408,8736,8568,9240,6720,9576,8736,14280,12096,5208,6216,8904,6720,3192,3192,3360,3024,2856,3528,2520,2856,3864,2184,3192,4536,3864,5544,2856,4368,5208,5208,6720,4032,4872,2520,3024,6888,4704,6720,6888,7224,8568,8736,7896,8232,9744,8904,9408,7896,8400,8736,9408,9072,8064,15624,13104,11760,8400,6384,7224,6048,3360,7392,6552,4536,4200,5040,3360,2856,1680,2688,3696,1680,1344,1680,1512,504,1176,3864,3024,3360,3528,1848,1680,2410.8,4784.64,4761.12,5391.12,6612.48,7318.08,5965.68,,8378.16,7800.24,14251.44,13725.6,9072,7262.64,9639.84,9579.36,9733.92,7455.84,12435.36,11850.72,8010.24,8520.96,8104.32,7440.72,8258.88,9108.96,5517.12,5575.92,7287.84,3884.16,5334,4317.6,3687.6,5312.16,3304.56,3245.76,2985.36,3482.64,2009.28,1832.88,2323.44,2605.68,750.96,2142,601.44,1641.36,1994.16,3869.04,3793.44,3771.6,4452,5392.8,5191.2,6093.36,9339.12,4433.52,7126.56,7190.4,5456.64,8381.52,7435.68,8384.88,9434.88,8910.72,8966.16,8169.84,8646.96,8808.24,9809.52,9218.16,9278.64,8334.48,9221.52,9130.8,9315.6,8121.12,8610,5777.52,5374.32,8136.24,8235.36,8149.68,5115.6,7425.6,5399.52,1780.8,1231.44,2926.56,4551.12,1092,890.4,823.2,1666.56,1824.48,2973.6,3029.04,3627.12,3669.12,1629.6,2741.76,3269.28,5577.6,4307.52,3257.52,4072.32,4663.68,5626.32,6521.76,7086.24,6802.32,6961.92,8136.24,8206.8,9213.12,8277.36,10085.04,9589.44,8598.24,9046.8,8302.56,8813.28,9251.76,8190,8245.44,8369.76,8707.44,7932.96,7980,8326.08,7761.6,4855.2,3964.8,1864.8,3544.8,3544.8,3192,3074.4,3612,3309.6,2822.4,2923.2,3208.8,1646.4,386.4,2133.6,2402.4,4334.4,2200.8,2839.2,4183.2,3746.4,3561.6,3796.8,2184,4048.8,3830.4,4317.6,4922.4,4552.8,4048.8,5392.8,6837.6,8299.2,6064.8,7560,6888,8719.2,8131.2,7039.2,6316.8,7862.4,7560,8702.4,8618.4,9676.8,5661.6,8702.4,8853.6,7744.8,7442.4,5056.8,7123.2,4872,4485.6,3427.2,3931.2
EOL ICARAI 1,,,,,,,,,,,,,,,,,,,,,,,,,,,,,,,,,,,,,,,,,,,,,,,,,,,,,,,,,,,,,,,,,,,,,,,,,,,,,,,,,,,,,,,,,,,,,,,,,,,,,,,,,,,,,,,,,,,,,,,,,,,,,,,,,,,,,,,,,,,,,,,,,,,,,,,,,,,,,,,,,,,,,,,,,,,,,,,,,,,,,,,,,,,,,,,,,,,,,,,,,,,,,,,,,,,,,,,,,,,,,,,,,,,,,,,,,,,,,,,,,,,,,,,,,,,,,,,,,,,,,,,,,,,,,,,,,,,,,,,,,,,,,,,,,,,,,,,,,,,,,,,,,,,,,,,,,,,,,,,,,,,,,,,,,,,,,,,,,,1377.6,1344,655.2,1730.4,1360.8,1780.8,1528.8,1999.2,2016,1579.2,1327.2,1260,1008,302.4,1428,2100,2671.2,1125.6,1646.4,1881.6,1948.8,1780.8,1932,1948.8,2604,2738.4,2385.6,3040.8,2318.4,2940,2872.8,3444,3024,3276,3696,3864,3763.2,3763.2,3444,2839.2,3511.2,3914.4,4048.8,3746.4,3948,3309.6,3360,3763.2,2704.8,2856,2772,3040.8,3175.2,1864.8,1562.4,1898.4
EOL ICARAI 2,,,,,,,,,,,,,,,,,,,,,,,,,,,,,,,,,,,,,,,,,,,,,,,,,,,,,,,,,,,,,,,,,,,,,,,,,,,,,,,,,,,,,,,,,,,,,,,,,,,,,,,,,,,,,,,,,,,,,,,,,,,,,,,,,,,,,,,,,,,,,,,,,,,,,,,,,,,,,,,,,,,,,,,,,,,,,,,,,,,,,,,,,,,,,,,,,,,,,,,,,,,,,,,,,,,,,,,,,,,,,,,,,,,,,,,,,,,,,,,,,,,,,,,,,,,,,,,,,,,,,,,,,,,,,,,,,,,,,,,,,,,,,,,,,,,,,,,,,,,,,,,,,,,,,,,,,,,,,,,,,,,,,,,,,,,,,,,,,,1562.4,1596,722.4,2016,1646.4,2116.8,1713.6,2486.4,2604,1948.8,1646.4,1528.8,1276.8,352.8,1864.8,2688,3225.6,1276.8,1982.4,2469.6,2503.2,2066.4,2217.6,2335.2,3108,3259.2,2856,3712.8,2805.6,3528,3612,4334.4,3948,3964.8,4452,4855.2,4653.6,4821.6,4200,3444,4082.4,4368,5124,4569.6,5040,3998.4,4082.4,4552.8,3276,3175.2,3242.4,3494.4,3679.2,2251.2,1730.4,2133.6
EOL ICARAIZIN,,,,,,,,,,,,,,,,,,,,,,,,,,,,,,,,,,,,,,,,,,,,,,,,,,,,,,,,,,,,,,,,,,,,,,,,,,,,,,,,,,,,,,,,,,,,,,,,,,,,,,,,,,,,3024,4872,4200,5712,7728,7392,6552,5880,6720,6216,7224,6552,3864,4536,4536,6384,6552,6720,7224,6384,5040,6888,5376,4704,5376,4200,4368,6720,4872,2352,2184,2856,2520,2688,2688,2856,3864,4032,1680,3528,5040,4704,3360,5040,3696,4872,5208,4032,3864,5376,3696,5040,5712,5208,6720,6552,7224,6888,7224,6384,6888,7224,7896,7224,7056,4368,5208,7224,6048,5880,8064,7224,6552,6216,5712,5880,4368,2352,5040,5376,5376,4368,6048,4200,3528,2184,3360,2016,1344,1512,2184,1848,2520,1344,3528,2184,2520,672,1848,1848,2938.32,2666.16,4070.64,6046.32,6627.6,6720,6745.2,,6499.92,7091.28,8265.6,7308,6940.08,6121.92,7852.32,6963.6,6409.2,5804.4,7882.56,6782.16,5856.48,5629.68,5061.84,5006.4,5360.88,6452.88,3227.28,4856.88,4888.8,3528,3217.2,3931.2,2783.76,3922.8,2516.64,1952.16,3301.2,2462.88,1009.68,532.56,1476.72,2521.68,1174.32,1812.72,524.16,964.32,2457.84,3563.28,3991.68,3783.36,3840.48,4136.16,5275.2,4774.56,5890.08,3990,6434.4,7035.84,6148.8,6363.84,5831.28,6842.64,6988.8,6422.64,5992.56,7081.2,7410.48,7301.28,6543.6,5668.32,5636.4,6468,6209.28,5639.76,6111.84,4752.72,6024.48,3822,3862.32,6610.8,5900.16,5137.44,3670.8,5409.6,3864,1302,831.6,1992.48,3548.16,514.08,366.24,697.2,1204.56,1216.32,2516.64,2326.8,3764.88,3492.72,4468.8,3904.32,3400.32,4206.72,4278.96,3415.44,2866.08,4425.12,4744.32,5164.32,5302.08,6372.24,6746.88,6444.48,6694.8,6462.96,7198.8,7529.76,7459.2,6231.12,7249.2,6678,6278.16,5838,6116.88,5286.96,4542.72,5769.12,4966.08,5654.88,5386.08,4013.52,2167.2,1898.4,940.8,117.6,957.6,2671.2,2419.2,3208.8,3578.4,2570.4,1864.8,1848,1646.4,285.6,1898.4,3141.6,3595.2,2032.8,2570.4,3477.6,3343.2,3326.4,3108,3393.6,4519.2,4569.6,3813.6,5443.2,3830.4,5392.8,4939.2,6333.6,6014.4,6468,5997.6,6552,6434.4,6484.8,5308.8,4468.8,5460,5863.2,6736.8,5829.6,6132,4720.8,5056.8,5712,2368.8,4468.8,4250.4,4586.4,4720.8,2536.8,1680,2570.4
EOL ILHA GRAN,,,,,,,,,,,,,,,,,,,,,,,,,,,,,,,,,,,,,,,,,,,,,,,,,,,,,,,,,,,,,,,,,,,,,,,,,,,,,,,,,,,,,,,,,,,,,,,,,,,,,,,,,,,,,,,,,,,,,,,,,,,,,,,,,,,,,,,,,,,,,,,,,,,,,,,,,,,,,,,,,,,,,,,,,,,,,,,,,,,,,,,,,,,,,,,,,,,,,,,,,,,,,,,,,,,,,,,,,,,,,,,,,,,,,,,,,,,,,,,,,,,,,,,,,,,,,,,,,,,,,,,,,,,,,,,,,,,,,,,,,,,,,,,,,,,,,,,,,,,,,,,,,,,,,,,,,,,,,,,,,,,,,,,,,,,,,,,,,,1142.4,974.4,487.2,1125.6,907.2,1142.4,1041.6,1444.8,1528.8,1192.8,1058.4,907.2,537.6,168,840,1680,1713.6,823.2,1108.8,1495.2,1478.4,1276.8,1461.6,1411.2,2049.6,2217.6,1932,2284.8,1764,2150.4,2469.6,2956.8,2503.2,2536.8,3259.2,3276,3242.4,2940,2637.6,2049.6,2839.2,3141.6,3444,2923.2,3208.8,2520,2604,2738.4,1696.8,2049.6,1848,772.8,0,1024.8,1041.6,1428
EOL MACAUBAS,,,,,,,,,,,,,,,,,,,,,,,,,,,,,,,,,,,,,,,,,,,,,,,,,,,,,,,,,,,,,,,,,,,,,,,,,,,,,,,,,,,,,,,,,,,,,,,,,,,,,,,,,,,,,,,,,,,,,,,,,,,,,,,,,,,,,,,,,,,,,,,,,,,,,,,,,,,,,,,,,,,,2520,2520,1848,1680,1848,1848,672,0,0,0,840,1680,1680,1512,2520,1176,2352,2520,2856,2184,1680,336,1344,2688,840,1512,1848,1848,2520,1680,1848,1176,1008,2184,1680,504,1176,1176,1512,1848,2688,2856,2520,2352,2239.44,2918.16,2368.8,3089.52,3281.04,2326.8,3166.8,2822.4,3339.84,3828.72,2610.72,2452.8,2956.8,2951.76,2822.4,2808.96,2746.8,2805.6,2501.52,3052.56,1428,1711.92,834.96,537.6,1218,2672.88,2919.84,2928.24,2106.72,3571.68,3408.72,2919.84,2051.28,3118.08,2252.88,2745.12,2677.92,1911.84,2039.52,890.4,2462.88,1475.04,2247.84,2353.68,2022.72,2083.2,2299.92,2355.36,3447.36,2975.28,3002.16,2506.56,3462.48,3442.32,3751.44,3442.32,3054.24,3363.36,3674.16,3079.44,2802.24,3731.28,3433.92,3606.96,2971.92,3816.96,4099.2,3133.2,3082.8,3371.76,1081.92,1984.08,2766.96,3071.04,3375.12,1159.2,2824.08,1673.28,2323.44,3217.2,2410.8,2840.88,1705.2,2451.12,2602.32,2864.4,2167.2,2331.84,2128.56,1550.64,1790.88,1826.16,2135.28,2016,1325.52,2094.96,2420.88,2921.52,2311.68,3102.96,2961.84,2669.52,4011.84,3585.12,3124.8,3874.08,3580.08,3721.2,3422.16,3489.36,3316.32,2573.76,2903.04,3213.84,3595.2,3250.8,3410.4,2842.56,3870.72,2906.4,2832.48,3324.72,3454.08,1762.32,915.6,2148.72,1980.72,2980.32,3610.32,2800.56,453.6,0,50.4,504,1528.8,974.4,1663.2,2150.4,1948.8,1092,2654.4,2116.8,3225.6,2469.6,2788.8,3259.2,2032.8,2620.8,2301.6,2654.4,2436,1730.4,1293.6,2436,3393.6,3914.4,3343.2,2688,2452.8,3796.8,3948,2268,2772,2872.8,4132.8,3780,3309.6,3444,2352,2251.2,3158.4,2301.6,3225.6,3981.6,3343.2,1276.8,2251.2,2536.8,1108.8,1444.8,3628.8,3208.8,2436,1663.2,1999.2,2402.4
EOL MAR TERRA,,,,,,,,,,,,,,,,,,,,,,,,,,,,,,,,,,,,,,,,,,,,,,,,,,,,,,,,,,,,,,,,,,,,,,,,,,,,,,,,,,,,,,,,,,,,,,,,,,,,,,,,,,,,,,,,,,,,,,,,,,,,,,,,,,,,,,,,,,,,,,,,,,,,,,,,,,,,,,,,,,,,,,,,,,,,,,,,,,,,,,,,,,,,,,,,,,,,,,,,,,,,,,,,,,,,,,,,,,,,,,,,,,,,,,,,,,,,,,,,,,,,,,,,,,,,,,,,,,,,,,,,,,,,,,,,,,,,,,,,,,,,,,,,,,,,,,,,,,,,,,,,,,,,,,,,,,,,,,,,,,,,,,,,,,,,,,,,,,436.8,806.4,319.2,1108.8,840,1159.2,1024.8,1260,1008,1293.6,1360.8,1276.8,1176,756,1142.4,1579.2,1831.2,1209.6,1041.6,1713.6,1243.2,1024.8,1075.2,1461.6,1814.4,2032.8,1747.2,1999.2,1780.8,1999.2,2016,2251.2,2032.8,2066.4,2217.6,2335.2,2268,2032.8,1948.8,1713.6,2184,2083.2,2032.8,2150.4,2335.2,1848,1680,1831.2,1142.4,1226.4,1764,1663.2,1713.6,1512,1428,1461.6
EOL MIASSABA3,,,,,,,,,,,,,,,,,,,,,,,,,,,,,,,,,,,,,,,,,,,,,,,,,,,,,,,,,,,,,,,,,,,,,,,,,,,,,,,,,,,,,,,,,,,,,,,,,,,,,,,,,,,,,,,,,,,,,,,,,,,,,,,,,,,,,,,,,,,,,,,,,,,,,,,,,,,,,,,,,,,,,,,,,,,,,,,,,,,,,,,,,,,,,,,,,,,,,,,,,,,,,,,,,,,,,,,,,,,,,,,,,,,,,,,,,,,,,,,,,,,,,,,,,,,,,,,,,,,,,,,,,,,,,,,,,,,,,,,,,,,,,,,,,,,,,,,,,,,,,,,,,,,,,,,,,,,,,,,,,,,,,,,,,,,,,,,,,,1058.4,1293.6,638.4,2318.4,1629.6,1881.6,2234.4,2385.6,2721.6,2368.8,1831.2,2251.2,2268,1528.8,2469.6,3780,3696,2570.4,2150.4,2906.4,2520,2184,2268,3057.6,3729.6,5191.2,4569.6,4250.4,3124.8,5107.2,5208,3998.4,4956,4384.8,5476.8,5628,5056.8,4737.6,4334.4,4233.6,5023.2,4552.8,4485.6,4872,5208,4519.2,4401.6,4401.6,3393.6,3612,3612,3444,3511.2,3057.6,3276,3796.8
EOL OSORIO,6182.4,2100,4704,1176,3528,2016,2688,1344,1176,2016,3360,3528,3696,2520,2856,2688,3360,1848,2688,2520,3696,2352,3696,2856,2856,1848,2688,1512,2184,1008,840,672,2688,1008,4032,672,1848,2184,1512,504,1848,840,1176,840,672,3024,3528,3360,2856,2520,2352,1680,1176,3024,3696,4368,1176,2856,2688,1680,3696,4368,3864,2520,4032,2016,2352,2016,1344,2688,2016,3360,1680,2184,2856,2688,3024,1008,1512,1344,2016,672,2016,840,1512,1344,2016,4536,2520,3192,3024,840,672,2016,2016,2016,1344,1848,2016,840,2688,1680,2688,3024,3360,2856,3024,3024,4704,3864,3192,3192,3528,3864,3360,2352,2688,3192,2856,3528,3696,3696,2184,2856,3360,4032,3192,1512,1512,3696,2184,3360,1512,1344,2352,1008,1848,840,1848,2184,1008,1848,1848,2352,2184,1512,1176,3528,1344,672,0,168,1008,1680,1344,1176,1344,2352,1512,1680,2856,2520,3696,3360,2184,3024,2520,3528,3528,3024,2520,2688,2016,3192,1176,0,2016,1008,0,1344,1848,2016,1680,336,2016,1512,2520,3024,1680,3864,3024,2856,1680,2352,2016,2352,1008,1512,2352,1176,840,2016,1008,672,2352,2856,1344,787.92,0,0,672,1207.92,0,927.36,2278.08,1975.68,1607.76,2758.56,1953.84,1737.12,2976.96,1612.8,2963.52,5638.08,4063.92,3435.6,2355.36,4149.6,3040.8,2898,4026.96,2064.72,1046.64,1974,688.8,1584.24,1528.8,677.04,1648.08,4441.92,1100.4,1602.72,1071.84,1518.72,2827.44,2778.72,2135.28,2540.16,596.4,3020.64,772.8,1280.16,1812.72,1722,2667.84,4121.04,2304.96,1191.12,3608.64,2041.2,3138.24,2946.72,1512,2089.92,2234.4,1238.16,4147.92,4702.32,2508.24,3010.56,2773.68,2987.04,3570,2666.16,2052.96,2970.24,2872.8,836.64,2256.24,1856.4,3005.52,1871.52,2513.28,2948.4,1090.32,1466.64,1426.32,1557.36,826.56,3511.2,903.84,1730.4,577.92,2420.88,1097.04,1456.56,1542.24,2299.92,1102.08,2568.72,1426.32,1130.64,1543.92,2074.8,1890,2294.88,384.72,1110.48,2084.88,2120.16,1223.04,2378.88,1438.08,2133.6,463.68,3158.4,2037.84,2629.2,3242.4,1735.44,1770.72,1649.76,2721.6,2472.96,2988.72,3284.4,2358.72,4334.4,2273.04,2975.28,3961.44,4430.16,2699.76,1669.92,2220.96,2103.36,2029.44,4015.2,1612.8,2032.8,3057.6,1176,2788.8,2133.6,1125.6,2049.6,1360.8,1797.6,2284.8,1545.6,1444.8,1831.2,1041.6,3796.8,1125.6,688.8,3813.6,2083.2,1965.6,3813.6,2402.4,1512,1125.6,2352,2940,2620.8,3309.6,2436,940.8,2587.2,2184,974.4,3494.4,3830.4,3007.2,1176,5359.2,2587.2,3343.2,5376,3225.6,2688,3292.8,2066.4,2671.2,806.4,2956.8,1999.2,2402.4,1528.8,1747.2,1663.2,1108.8
EOL OSORIO 2,,,,,,,,,,,,,,,,,,,,,,,,,,,,,,,,,,,,,,,,,,,,,,,,,,,,,,,,,,,,,,,,,,,,,,,,,,,,,,,,,,,,,,,,,,,,,,,,,,,,,,,,,,,,,,,,,,,,,,,,,,,,,,,,,,,,,,,,,,,,,,,,,,,,,,,,,,,,,,,,,,,,,,,,,,,,,,,,,,,,,,,,,,,,,,,,,,,,,,,,,,,,,,,,,,,,,,,,,,,,,,,,,,,,,,,,,,,,,,,,,,,,,,,,,,,,,,,,,,,,,,,,,,,,,,,,,,,,,,,,,,,,,,,,,,,,,,,,,,,,,,,,,,,,,,,,,,,,,,,,,,,,,,,,,,,,,,,,,,1831.2,1159.2,1428,1932,789.6,1730.4,1344,823.2,1444.8,940.8,1310.4,1612.8,1008,991.2,1293.6,806.4,2301.6,806.4,571.2,2385.6,1478.4,1293.6,1948.8,1478.4,924,739.2,1159.2,1797.6,1596,1864.8,1461.6,739.2,1596,1461.6,705.6,1730.4,2234.4,1948.8,840,3158.4,1629.6,2016,3057.6,1965.6,1713.6,2032.8,1360.8,1680,604.8,1797.6,1276.8,1562.4,1024.8,1192.8,1159.2,856.8
EOL OSORIO 3,,,,,,,,,,,,,,,,,,,,,,,,,,,,,,,,,,,,,,,,,,,,,,,,,,,,,,,,,,,,,,,,,,,,,,,,,,,,,,,,,,,,,,,,,,,,,,,,,,,,,,,,,,,,,,,,,,,,,,,,,,,,,,,,,,,,,,,,,,,,,,,,,,,,,,,,,,,,,,,,,,,,,,,,,,,,,,,,,,,,,,,,,,,,,,,,,,,,,,,,,,,,,,,,,,,,,,,,,,,,,,,,,,,,,,,,,,,,,,,,,,,,,,,,,,,,,,,,,,,,,,,,,,,,,,,,,,,,,,,,,,,,,,,,,,,,,,,,,,,,,,,,,,,,,,,,,,,,,,,,,,,,,,,,,,,,,,,,,,2335.2,1108.8,1293.6,1915.2,806.4,1730.4,1428,806.4,1512,957.6,1428,1596,1024.8,1058.4,1360.8,840,2419.2,806.4,604.8,2402.4,1528.8,1344,2385.6,1579.2,1159.2,823.2,1512,1780.8,1696.8,2049.6,1663.2,739.2,1696.8,1596,756,1915.2,2368.8,2100,840,3007.2,1831.2,2217.6,3192,2100,1898.4,2217.6,1478.4,1881.6,638.4,1965.6,1344,1663.2,1092,1310.4,1226.4,840
EOL P.MORGADO,,,,,,,,,,,,,,,,,,,,,,,,,,,,,,,,,,,,,,,,,,,,,,,,,,,,,,,,,,,,,,,,,,,,,,,,,,,,,,,,,,,,,,,,,,,,,,336,0,168,336,168,336,672,504,504,504,672,672,840,1008,,,,,,,,,,,,,,,,,,,,,,,,,,,,,,,,,,,,,,,,,,,,,,,,,,1008,1344,1344,1680,1512,2016,2184,2520,2520,3192,2352,3192,3024,3528,3360,2520,1512,2688,3024,2856,2688,3192,3024,3024,3192,2688,2856,2352,1680,2856,3024,2856,2520,3192,2520,1848,1344,1848,1176,840,672,1008,1176,1344,672,1848,840,0,0,1176,1008,1349.04,1817.76,2567.04,2224.32,2212.56,2402.4,2439.36,2268,2750.16,2755.2,2649.36,2153.76,2627.52,2619.12,2711.52,2568.72,2572.08,2325.12,2273.04,2447.76,2370.48,2261.28,2074.8,2162.16,2054.64,2439.36,1584.24,1876.56,1893.36,1318.8,1298.64,1585.92,1050,1298.64,1379.28,1207.92,1527.12,1380.96,821.52,567.84,1023.12,1055.04,776.16,1312.08,332.64,641.76,1380.96,1989.12,2068.08,2098.32,2168.88,2412.48,2748.48,2721.6,2825.76,2483.04,2968.56,3025.68,2871.12,3106.32,3133.2,3230.64,3390.24,2659.44,2676.24,3615.36,3704.4,3480.96,2968.56,3360,3459.12,2691.36,3239.04,3581.76,3259.2,2894.64,3247.44,2622.48,2462.88,3581.76,3282.72,3155.04,2239.44,3003.84,2333.52,927.36,692.16,1475.04,1926.96,428.4,468.72,599.76,846.72,841.68,1626.24,604.8,1572.48,1738.8,1787.52,1745.52,1853.04,2152.08,1970.64,1913.52,1879.92,2052.96,2204.16,2358.72,2570.4,2457.84,2640.96,2609.04,2642.64,2973.6,2625.84,2906.4,2370.48,2489.76,2997.12,2556.96,2546.88,2679.6,2543.52,1999.2,2190.72,2341.92,2467.92,3099.6,3144.96,2442.72,1764,1159.2,772.8,352.8,386.4,487.2,520.8,957.6,1310.4,1075.2,1176,1176,873.6,235.2,1041.6,504,1260,890.4,940.8,1125.6,1125.6,1108.8,1092,823.2,1243.2,1125.6,1159.2,1243.2,1108.8,1108.8,1512,1377.6,1461.6,1444.8,1512,1545.6,1612.8,1663.2,1495.2,1327.2,1461.6,1680,1495.2,1579.2,1848,1411.2,1377.6,1344,1260,1226.4,1041.6,1310.4,1310.4,1008,722.4,957.6
EOL PARACURU,,,,,,,,,,,,,,,,,,,,,,,,,,,,,,,,,,,,,,,,,,,,,,,,,,,,,,,,,,,,,,,,,,,,,,,,,,,,,,,,,,,,,,,,,,,,,,,,,,,,,,,,,,,,,,,,,,,,,,,,,,,,,,,,,,,,,,,,,,,,,,,,,,,,,,,,,,,,,,,,,,,,,,,,,,,,,,,,,,,,,,,,,,,,,,,,,,,,,,,,,,,,,,,,,,,,,,,,,,,,,,,,,,,,,,,,,,,,,,,,,,,,,,,,,,,,,,,,,,,,,,,,,,,,,,,,,,,,,,,,,,,,,,,,,,,,,,,,,,,,,,,,,,,,,,,,,,,,,,,,,,,,,,,,,,,,,,,,,,1461.6,1612.8,1596,1596,1612.8,1596,1596,1596,1596,1596,1596,1596,1596,1596,1612.8,1596,1612.8,1612.8,1596,1377.6,1142.4,1377.6,1596,1612.8,1596,1596,1596,1612.8,1596,1596,1159.2,1377.6,1596,1142.4,0,0,0,0,0,0,0,0,0,0,0,0,0,0,0,0,0,0,0,0,0,0
EOL PD BRANCA,,,,,,,,,,,,,,,,,,,,,,,,,,,,,,,,,,,,,,,,,,,,,,,,,,,,,,,,,,,,,,,,,,,,,,,,,,,,,,,,,,,,,,,,,,,,,,,,,,,,,,,,,,,,,,,,,,,,,,,,,,,,,,,,,,,,,,,,,,,,,,,,,,,,,,,,,,,,,,,,,,,,,,,,,,,,,,,,,,,,,,,,,,,,,,,1344,2016,1008,2184,840,672,2184,2352,1848,2856,1848,2184,1344,840,168,2856,3024,3576.72,2780.4,2775.36,1735.44,1392.72,0,0,1515.36,3467.52,3811.92,3272.64,2014.32,2278.08,2985.36,3208.8,2587.2,2392.32,2373.84,2299.92,2703.12,1107.12,1480.08,1248.24,191.52,166.32,1764,2032.8,2012.64,1916.88,2946.72,2940,2368.8,1021.44,1974,1858.08,2286.48,2130.24,1631.28,1688.4,441.84,1611.12,1683.36,3205.44,2304.96,2259.6,2624.16,1958.88,2546.88,4124.4,4838.4,4452,937.44,2724.96,1698.48,3600.24,1903.44,2941.68,2281.44,3361.68,2640.96,2054.64,3464.16,2768.64,2318.4,2313.36,3613.68,2931.6,2360.4,2313.36,2819.04,898.8,1533.84,2175.6,2624.16,2483.04,618.24,2027.76,1851.36,2410.8,3044.16,2118.48,2434.32,1372.56,2388.96,1666.56,2271.36,1713.6,1722,2194.08,784.56,1253.28,1197.84,2686.32,1048.32,1643.04,2358.72,2504.88,3213.84,2745.12,2857.68,2541.84,2780.4,3761.52,3450.72,3178.56,3166.8,3284.4,3464.16,3007.2,3838.8,3198.72,3113.04,2815.68,2313.36,2852.64,2476.32,1698.48,2525.04,3190.32,2145.36,2101.68,1975.68,2323.44,0,653.52,0,0,0,0,0,,,,,,,,,,,,,,,,,,,,,,,,,,,,,,,,,,,,,,,,,,,,,,,,,,,,,,,,
EOL PPARAJURU,,,,,,,,,,,,,,,,,,,,,,,,,,,,,,,,,,,,,,,,,,,,,,,,,,,,,,,,,,,,,,,,,,,,,,,,,,,,,,,,,,,,,,,,,,,,,,,,,,,,,,,,,,,,,,,,,,,,,,,,,,,,,,,,,,,,,,,,,,,,,,,,,,,,,,,,,,,,,,,,,,,,,,,,,,,,,,,,,,,,,,,,,,,,,,,,,,,,,,,,,,,,,,,,,,,,,,,,,,,,,,,,,,,,,,,,,,,,,,,,,,,,,,,,,,,,,,,,,,,,,,,,,,,,,,,,,,,,,,,,,,,,,,,,,,,,,,,,,,,,,,,,,,,,,,,,,,,,,,,,,,,,,,,,,,,,,,,,,,604.8,638.4,638.4,638.4,655.2,638.4,638.4,638.4,638.4,638.4,638.4,638.4,655.2,638.4,655.2,638.4,638.4,655.2,638.4,554.4,453.6,554.4,638.4,638.4,638.4,638.4,638.4,638.4,638.4,638.4,453.6,554.4,638.4,453.6,0,0,0,0,0,0,0,0,0,0,0,0,0,0,0,0,0,0,0,0,0,0
EOL R.DO FOGO,1024.8,688.8,1680,2688,2352,3192,2184,2184,3192,4536,3696,3024,3864,2856,2688,3024,2688,5040,3864,3360,3360,2856,3192,3024,2688,1680,2016,2016,1848,2856,4032,2352,2688,2520,1512,1512,2520,1848,1848,1512,2016,2184,3192,1680,1512,2688,2184,2352,1848,1680,2352,2688,2016,2688,3192,3192,2856,3864,4200,2520,4200,3864,4536,4872,2856,3192,4368,3696,2016,3528,4704,3696,3528,4704,1512,2688,3192,2016,2016,2184,2016,1176,2016,2856,1848,1848,1008,1512,672,840,1680,1848,1176,1176,1008,840,1848,1008,2520,4368,1680,2352,1512,2016,1176,2016,2520,4032,2016,3360,2856,2520,3864,4536,4200,4704,4032,3360,3528,2184,2016,2016,3528,3192,4032,3696,4032,3024,4032,3192,2352,4032,3024,2856,4200,3696,2520,2016,3024,2520,2352,2856,3528,2856,3192,2016,3024,3192,3696,2856,1680,2184,2184,2520,1512,1680,2856,2520,2352,3192,3864,3864,4200,4536,3696,3696,3696,2352,3864,4032,4536,168,0,0,1344,3192,2856,4200,2184,3192,3192,3864,3696,0,0,0,0,4200,3192,7224,5880,5040,2016,2520,0,0,0,0,0,0,0,504,1344,672,1176,1680,1680,1458.24,1181.04,0,2360.4,2988.72,332.64,2854.32,2790.48,3005.52,5073.6,4532.64,2699.76,3620.4,3642.24,4640.16,4169.76,3410.4,3748.08,4751.04,4178.16,3163.44,2180.64,2572.08,2331.84,3035.76,3769.92,2874.48,2906.4,2976.96,3022.32,2377.2,3331.44,2451.12,2555.28,2291.52,1263.36,2340.24,2110.08,1737.12,772.8,2125.2,2409.12,1592.64,1587.6,1340.64,1948.8,1832.88,2414.16,2929.92,1957.2,2209.2,2493.12,2956.8,1980.72,2755.2,2394,2758.56,3472.56,3417.12,3255.84,2770.32,2995.44,3820.32,4094.16,3376.8,3753.12,5083.68,4465.44,4433.52,4836.72,2657.76,2100,3438.96,3583.44,3926.16,2222.64,3583.44,2083.2,3361.68,4294.08,3158.4,3025.68,2708.16,4085.76,2180.64,1975.68,1486.8,2820.72,3227.28,962.64,1260,655.2,2266.32,1189.44,2143.68,1925.28,2461.2,2293.2,2572.08,1584.24,2142,1992.48,1214.64,2009.28,1900.08,4250.4,750.96,2298.24,1345.68,3738,3554.88,3927.84,3563.28,3672.48,3981.6,4675.44,5295.36,2116.8,3161.76,3366.72,3470.88,4420.08,3648.96,2142,1735.44,2684.64,2792.16,3146.64,3034.08,2656.08,756,1461.6,655.2,2301.6,2116.8,2217.6,1915.2,2016,2671.2,2503.2,1881.6,1864.8,2536.8,1663.2,2268,2788.8,4065.6,2200.8,1831.2,2083.2,2016,1495.2,1176,2604,2469.6,3528,2738.4,3292.8,2856,4065.6,4183.2,4788,3175.2,3712.8,4015.2,5460,3712.8,3780,3326.4,3645.6,4468.8,4452,5325.6,5090.4,5325.6,5090.4,5090.4,0,0,0,0,0,0,0,0,0
EOL RIACHAO 1,,,,,,,,,,,,,,,,,,,,,,,,,,,,,,,,,,,,,,,,,,,,,,,,,,,,,,,,,,,,,,,,,,,,,,,,,,,,,,,,,,,,,,,,,,,,,,,,,,,,,,,,,,,,,,,,,,,,,,,,,,,,,,,,,,,,,,,,,,,,,,,,,,,,,,,,,,,,,,,,,,,,,,,,,,,,,,,,,,,,,,,,,,,,,,,,,,,,,,,,,,,,,,,,,,,,,,,,,,,,,,,,,,,,,,,,,,,,,,,,,,,,,,,,,,,,,,,,,,,,,,,,,,,,,,,,,,,,,,,,,,,,,,,,,,,,,,,,,,,,,,,,,,,,,,,,,,,,,,,,,,,,,,,,,,,,,,,,,,756,1075.2,604.8,1780.8,1814.4,1730.4,1528.8,2301.6,2184,1579.2,1528.8,1528.8,1730.4,1629.6,1730.4,2503.2,2620.8,2016,1596,2083.2,1495.2,1276.8,974.4,2284.8,2587.2,2956.8,2654.4,2637.6,2402.4,3225.6,3544.8,3175.2,2536.8,2721.6,3208.8,3141.6,2872.8,2822.4,2452.8,2436,2788.8,2923.2,3141.6,3544.8,3410.4,2368.8,2301.6,2772,1680,1932,2805.6,2856,2704.8,2083.2,2100,1680
EOL RIACHAO 2,,,,,,,,,,,,,,,,,,,,,,,,,,,,,,,,,,,,,,,,,,,,,,,,,,,,,,,,,,,,,,,,,,,,,,,,,,,,,,,,,,,,,,,,,,,,,,,,,,,,,,,,,,,,,,,,,,,,,,,,,,,,,,,,,,,,,,,,,,,,,,,,,,,,,,,,,,,,,,,,,,,,,,,,,,,,,,,,,,,,,,,,,,,,,,,,,,,,,,,,,,,,,,,,,,,,,,,,,,,,,,,,,,,,,,,,,,,,,,,,,,,,,,,,,,,,,,,,,,,,,,,,,,,,,,,,,,,,,,,,,,,,,,,,,,,,,,,,,,,,,,,,,,,,,,,,,,,,,,,,,,,,,,,,,,,,,,,,,,688.8,806.4,571.2,1528.8,1377.6,1327.2,1293.6,1797.6,1713.6,1411.2,1192.8,1327.2,1394.4,1293.6,1276.8,1864.8,1999.2,1545.6,1209.6,1444.8,1041.6,907.2,823.2,1579.2,1764,2184,1780.8,1915.2,1747.2,2469.6,2654.4,2368.8,2032.8,2200.8,2553.6,2553.6,2234.4,2284.8,1915.2,2049.6,2251.2,2570.4,2553.6,2688,2637.6,2066.4,1932,2184,1461.6,1713.6,2066.4,2167.2,2100,1696.8,1680,1344
EOL RIACHAO 4,,,,,,,,,,,,,,,,,,,,,,,,,,,,,,,,,,,,,,,,,,,,,,,,,,,,,,,,,,,,,,,,,,,,,,,,,,,,,,,,,,,,,,,,,,,,,,,,,,,,,,,,,,,,,,,,,,,,,,,,,,,,,,,,,,,,,,,,,,,,,,,,,,,,,,,,,,,,,,,,,,,,,,,,,,,,,,,,,,,,,,,,,,,,,,,,,,,,,,,,,,,,,,,,,,,,,,,,,,,,,,,,,,,,,,,,,,,,,,,,,,,,,,,,,,,,,,,,,,,,,,,,,,,,,,,,,,,,,,,,,,,,,,,,,,,,,,,,,,,,,,,,,,,,,,,,,,,,,,,,,,,,,,,,,,,,,,,,,,806.4,890.4,588,1528.8,1545.6,1512,1394.4,1982.4,2066.4,1545.6,1344,1293.6,1512,1411.2,1428,2184,2284.8,1848,1579.2,1747.2,1394.4,1159.2,907.2,2167.2,2352,2889.6,2402.4,2385.6,2318.4,3225.6,3225.6,2620.8,2116.8,2335.2,2772,2738.4,2385.6,2318.4,2083.2,2184,2486.4,2839.2,2856,3074.4,2956.8,1999.2,2049.6,2352,1461.6,1646.4,2402.4,2486.4,2486.4,1797.6,1730.4,1344
EOL RIACHAO 6,,,,,,,,,,,,,,,,,,,,,,,,,,,,,,,,,,,,,,,,,,,,,,,,,,,,,,,,,,,,,,,,,,,,,,,,,,,,,,,,,,,,,,,,,,,,,,,,,,,,,,,,,,,,,,,,,,,,,,,,,,,,,,,,,,,,,,,,,,,,,,,,,,,,,,,,,,,,,,,,,,,,,,,,,,,,,,,,,,,,,,,,,,,,,,,,,,,,,,,,,,,,,,,,,,,,,,,,,,,,,,,,,,,,,,,,,,,,,,,,,,,,,,,,,,,,,,,,,,,,,,,,,,,,,,,,,,,,,,,,,,,,,,,,,,,,,,,,,,,,,,,,,,,,,,,,,,,,,,,,,,,,,,,,,,,,,,,,,,672,856.8,520.8,1512,1562.4,1545.6,1394.4,2032.8,2049.6,1612.8,1411.2,1461.6,1596,1512,1545.6,2268,2436,1864.8,1512,1915.2,1562.4,1260,974.4,2032.8,2200.8,2940,2469.6,2536.8,2318.4,3158.4,3360,2889.6,2452.8,2553.6,2956.8,2788.8,2604,2620.8,2200.8,2217.6,2520,2822.4,2738.4,2788.8,2654.4,1999.2,1999.2,2251.2,1411.2,1663.2,2234.4,2301.6,2284.8,1764,1797.6,1495.2
EOL RIACHAO 7,,,,,,,,,,,,,,,,,,,,,,,,,,,,,,,,,,,,,,,,,,,,,,,,,,,,,,,,,,,,,,,,,,,,,,,,,,,,,,,,,,,,,,,,,,,,,,,,,,,,,,,,,,,,,,,,,,,,,,,,,,,,,,,,,,,,,,,,,,,,,,,,,,,,,,,,,,,,,,,,,,,,,,,,,,,,,,,,,,,,,,,,,,,,,,,,,,,,,,,,,,,,,,,,,,,,,,,,,,,,,,,,,,,,,,,,,,,,,,,,,,,,,,,,,,,,,,,,,,,,,,,,,,,,,,,,,,,,,,,,,,,,,,,,,,,,,,,,,,,,,,,,,,,,,,,,,,,,,,,,,,,,,,,,,,,,,,,,,,638.4,722.4,520.8,1377.6,1176,1192.8,1226.4,1747.2,1696.8,1344,1159.2,1260,1360.8,1142.4,1293.6,1915.2,1999.2,1428,1209.6,1461.6,1243.2,957.6,789.6,1596,1764,2385.6,1797.6,1965.6,1831.2,2738.4,2923.2,2352,1965.6,2150.4,2520,2671.2,2217.6,2184,1831.2,1965.6,2133.6,2570.4,2419.2,2721.6,2738.4,1948.8,1814.4,2032.8,1260,1478.4,1982.4,2066.4,1948.8,1512,1663.2,1310.4
EOL RIBEIRAO,,,,,,,,,,,,,,,,,,,,,,,,,,,,,,,,,,,,,,,,,,,,,,,,,,,,,,,,,,,,,,,,,,,,,,,,,,,,,,,,,,,,,,,,,,,,,,,,,,,,,,,,,,,,,,,,,,,,,,,,,,,,,,,,,,,,,,,,,,,,,,,,,,,,,,,,,,,,,,,,,,,,,,,,,,,,,,,,,,,,,,,,,,,,,,,,,,,,,,,,,,,,,,,,,,,,,,,,,,,,,,,,,,,,,,,,,,,,,,,,,,,,,,,,,,,,,,,,,,,,,,,,,,,,,,,,,,,,,,,,,,,,,,,,,,,,,,,,,,,,,,,,,,,,,,,,,,,,,,,,,,,,,,,,,,,,,,,,,,571.2,772.8,268.8,957.6,840,890.4,756,1041.6,1041.6,739.2,739.2,672,537.6,184.8,907.2,1327.2,1360.8,672,890.4,1209.6,1176,907.2,1159.2,1192.8,1780.8,1864.8,1596,1915.2,1411.2,1747.2,2083.2,2268,2083.2,2116.8,2570.4,2536.8,2452.8,2284.8,1999.2,1713.6,2352,2469.6,2520,2083.2,2436,1747.2,1730.4,1780.8,1209.6,1226.4,756,840,1276.8,840,655.2,907.2
EOL RIO CHORO,,,,,,,,,,,,,,,,,,,,,,,,,,,,,,,,,,,,,,,,,,,,,,,,,,,,,,,,,,,,,,,,,,,,,,,,,,,,,,,,,,,,,,,,,,,,,,,,,,,,,,,,,,,,,,,,,,,,,,,,,,,,,,,,,,,,,,,,,,,,,,,,,,,,,,,,,,,,,,,,,,,,,,,,,,,,,,,,,,,,,,,,,,,,,,,,,,,,,,,,,,,,,,,,,,,,,,,,,,,,,,,,,,,,,,,,,,,,,,,,,,,,,,,,,,,,,,,,,,,,,,,,,,,,,,,,,,,,,,,,,,,,,,,,,,,,,,,,,,,,,,,,,,,,,,,,,,,,,,,,,,,,,,,,,,,,,,,,,,957.6,1041.6,1041.6,1041.6,1041.6,1041.6,1041.6,1041.6,1041.6,1041.6,1041.6,1041.6,1041.6,1041.6,1041.6,1041.6,1024.8,1041.6,1041.6,890.4,739.2,890.4,1041.6,1041.6,1041.6,1041.6,1041.6,1024.8,1024.8,1041.6,739.2,890.4,1041.6,739.2,0,0,0,0,0,0,0,0,0,0,0,0,0,0,0,0,0,0,0,0,0,0
EOL S A PADUA,,,,,,,,,,,,,,,,,,,,,,,,,,,,,,,,,,,,,,,,,,,,,,,,,,,,,,,,,,,,,,,,,,,,,,,,,,,,,,,,,,,,,,,,,,,,,,,,,,,,,,,,,,,,,,,,,,,,,,,,,,,,,,,,,,,,,,,,,,,,,,,,,,,,,,,,,,,,,,,,,,,,,,,,,,,,,,,,,,,,,,,,,,,,,,,,,,,,,,,,,,,,,,,,,,,,,,,,,,,,,,,,,,,,,,,,,,,,,,,,,,,,,,,,,,,,,,,,,,,,,,,,,,,,,,,,,,,,,,,,,,,,,,,,,,,,,,,,,,,,,,,,,,,,,,,,,,,,,,,,,,,,,,,,,,,,,,,,,,386.4,520.8,235.2,772.8,588,772.8,655.2,840,924,571.2,520.8,537.6,420,134.4,588,1125.6,1276.8,520.8,688.8,823.2,722.4,672,772.8,924,1360.8,1209.6,1041.6,1209.6,1092,1344,1176,1612.8,1612.8,1612.8,1864.8,1881.6,1696.8,1596,1512,1293.6,1730.4,1780.8,2016,1629.6,1831.2,1344,1411.2,1596,1024.8,1125.6,1327.2,1276.8,1176,806.4,571.2,806.4
EOL S.CRISTOV,,,,,,,,,,,,,,,,,,,,,,,,,,,,,,,,,,,,,,,,,,,,,,,,,,,,,,,,,,,,,,,,,,,,,,,,,,,,,,,,,,,,,,,,,,,,,,,,,,,,,,,,,,,,,,,,,,,,,,,,,,,,,,,,,,,,,,,,,,,,,,,,,,,,,,,,,,,,,,,,,,,,,,,,,,,,,,,,,,,,,,,,,,,,,,,,,,,,,,,,,,,,,,,,,,,,,,,,,,,,,,,,,,,,,,,,,,,,,,,,,,,,,,,,,,,,,,,,,,,,,,,,,,,,,,,,,,,,,,,,,,,,,,,,,,,,,,,,,,,,,,,,,,,,,,,,,,,,,,,,,,,,,,,,,,,,,,,,,,1008,1176,537.6,1612.8,1192.8,1444.8,1360.8,1730.4,1948.8,1310.4,1209.6,1142.4,1008,336,1243.2,2200.8,2385.6,1176,1528.8,1747.2,1612.8,1629.6,1680,1848,2704.8,2486.4,2016,2671.2,2318.4,2704.8,2352,3124.8,2940,2872.8,3477.6,3326.4,3561.6,3124.8,2822.4,2503.2,3141.6,3141.6,3712.8,3595.2,3460.8,2721.6,2889.6,3091.2,2150.4,2301.6,2469.6,2637.6,2402.4,1730.4,1344,1713.6
EOL SANGRA.2,,,,,,,,,,,,,,,,,,,,,,,,,,,,,,,,,,,,,,,,,,,,,,,,,,,,,,,,,,,,,,,,,,,,,,,,,,,,,,,,,,,,,,,,,,,,,,,,,,,,,,,,,,,,,,,,,,,,,,,,,,,,,,,,,,,,,,,,,,,,,,,,,,,,,,,,,,,,,,,,,,,,,,,,,,,,,,,,,,,,,,,,,,,,,,,,,,,,,,,,,,,,,,,,,,,,,,,,,,,,,,,,,,,,,,,,,,,,,,,,,,,,,,,,,,,,,,,,,,,,,,,,,,,,,,,,,,,,,,,,,,,,,,,,,,,,,,,,,,,,,,,,,,,,,,,,,,,,,,,,,,,,,,,,,,,,,,,,,,2637.6,1293.6,1596,2234.4,991.2,2049.6,1596,1041.6,1528.8,1159.2,1512,1730.4,1176,1159.2,1495.2,840,2704.8,924,638.4,2704.8,1680,1629.6,2637.6,1646.4,1310.4,940.8,1579.2,2284.8,1831.2,2167.2,1747.2,840,1797.6,1646.4,789.6,2200.8,2503.2,2167.2,974.4,3628.8,1915.2,2284.8,3141.6,2268,1915.2,2268,1528.8,1898.4,672,1999.2,1444.8,1780.8,1243.2,1394.4,1293.6,907.2
EOL SANGRA.3,,,,,,,,,,,,,,,,,,,,,,,,,,,,,,,,,,,,,,,,,,,,,,,,,,,,,,,,,,,,,,,,,,,,,,,,,,,,,,,,,,,,,,,,,,,,,,,,,,,,,,,,,,,,,,,,,,,,,,,,,,,,,,,,,,,,,,,,,,,,,,,,,,,,,,,,,,,,,,,,,,,,,,,,,,,,,,,,,,,,,,,,,,,,,,,,,,,,,,,,,,,,,,,,,,,,,,,,,,,,,,,,,,,,,,,,,,,,,,,,,,,,,,,,,,,,,,,,,,,,,,,,,,,,,,,,,,,,,,,,,,,,,,,,,,,,,,,,,,,,,,,,,,,,,,,,,,,,,,,,,,,,,,,,,,,,,,,,,,2318.4,1075.2,1243.2,1932,806.4,1780.8,1310.4,840,1209.6,991.2,1176,1528.8,1159.2,957.6,1226.4,705.6,2570.4,823.2,520.8,2452.8,1461.6,1646.4,2503.2,1495.2,1058.4,655.2,1377.6,2032.8,1680,1948.8,1495.2,705.6,1629.6,1411.2,688.8,2150.4,2217.6,1915.2,856.8,3242.4,1646.4,1982.4,3124.8,1982.4,1646.4,2066.4,1310.4,1646.4,571.2,1814.4,1293.6,1612.8,1058.4,1209.6,1092,823.2
EOL SANGRADOU,5224.8,2385.6,4872,1512,3696,2016,2856,1680,1176,2184,3528,3864,4032,2688,3024,3024,3528,2352,2856,2856,3864,2688,3864,3024,3024,2016,2856,1680,2184,1176,1008,840,2688,1176,4368,840,2184,2352,1848,336,2016,840,1344,840,672,3360,3696,3528,3192,2856,2520,1848,1176,3360,4032,4704,1176,3024,2856,1848,4032,4536,4200,2688,4368,2184,2352,2184,1512,3192,2352,3528,2016,2352,3360,2856,3360,1176,1848,1512,2352,840,2352,840,1680,1512,2184,4704,2688,3360,3192,1008,672,2184,2016,2352,1512,2016,2352,1008,3024,1680,3024,3192,3864,3360,3360,3024,4872,4032,3528,3360,3864,4032,3528,2520,2856,3528,3192,3696,2016,2016,2352,3192,3864,3696,3360,1848,1848,3864,2352,3528,1680,1512,2520,1176,2016,1176,2352,2520,1176,2016,2016,2520,2184,1848,1344,4032,1344,3360,1008,1008,1344,1680,1512,1344,1344,2856,1176,0,1008,840,3864,3528,2184,3024,2856,3360,3696,3192,2520,2856,2352,3360,2688,3864,2352,1176,0,840,1848,2184,1680,336,2184,1848,2520,5040,5208,7056,5880,5376,4368,4704,2352,2688,1176,1848,2520,1176,840,2184,0,0,0,0,0,0,0,0,0,0,0,0,0,2083.2,1831.2,3124.8,2083.2,1960.56,3005.52,1846.32,3116.4,5832.96,4287.36,3766.56,2572.08,4362.96,3242.4,2982,4443.6,2387.28,1265.04,2190.72,776.16,1765.68,1728.72,729.12,1577.52,4803.12,1391.04,1849.68,1276.8,1604.4,3141.6,2852.64,2404.08,2772,551.04,3276,789.6,1244.88,2032.8,1846.32,3072.72,3435.6,1476.72,1278.48,3931.2,2456.16,4117.68,3277.68,1673.28,2414.16,2378.88,1478.4,4423.44,4885.44,2703.12,3304.56,2961.84,3081.12,3769.92,2703.12,2262.96,3354.96,3114.72,984.48,2531.76,2153.76,3279.36,1962.24,2622.48,3071.04,1362.48,1656.48,1596,1732.08,971.04,3743.04,1043.28,1757.28,680.4,2439.36,1194.48,1648.08,1639.68,2674.56,1120.56,2866.08,1510.32,1271.76,1664.88,2150.4,2084.88,2509.92,364.56,1330.56,2365.44,2108.4,1451.52,2630.88,1473.36,2442.72,522.48,3309.6,2051.28,2943.36,3341.52,1752.24,1826.16,1673.28,2452.8,2474.64,3044.16,3365.04,2410.8,4586.4,2629.2,3402,4322.64,4651.92,2923.2,1802.64,2563.68,2162.16,2373.84,4216.8,1797.6,2268,3427.2,1394.4,3242.4,2368.8,1377.6,2184,1696.8,2016,2503.2,1831.2,1696.8,2016,1058.4,4351.2,1377.6,789.6,4384.8,2352,2469.6,4267.2,2604,1680,1209.6,2436,3494.4,2856,3511.2,2637.6,1125.6,2738.4,2234.4,1108.8,3796.8,4048.8,3074.4,1293.6,5493.6,2788.8,3326.4,5292,3477.6,2839.2,3511.2,2200.8,2755.2,856.8,3007.2,2200.8,2654.4,1747.2,1965.6,1797.6,1276.8
EOL SAO JORGE,,,,,,,,,,,,,,,,,,,,,,,,,,,,,,,,,,,,,,,,,,,,,,,,,,,,,,,,,,,,,,,,,,,,,,,,,,,,,,,,,,,,,,,,,,,,,,,,,,,,,,,,,,,,,,,,,,,,,,,,,,,,,,,,,,,,,,,,,,,,,,,,,,,,,,,,,,,,,,,,,,,,,,,,,,,,,,,,,,,,,,,,,,,,,,,,,,,,,,,,,,,,,,,,,,,,,,,,,,,,,,,,,,,,,,,,,,,,,,,,,,,,,,,,,,,,,,,,,,,,,,,,,,,,,,,,,,,,,,,,,,,,,,,,,,,,,,,,,,,,,,,,,,,,,,,,,,,,,,,,,,,,,,,,,,,,,,,,,,974.4,1125.6,504,1562.4,1260,1461.6,1377.6,1680,2016,1293.6,1159.2,1075.2,974.4,319.2,1209.6,2066.4,2200.8,1125.6,1528.8,1797.6,1562.4,1646.4,1612.8,1881.6,2654.4,2335.2,1999.2,2587.2,2167.2,2452.8,2150.4,3108,3040.8,2940,3225.6,3141.6,3292.8,2956.8,2839.2,2486.4,3158.4,3242.4,3561.6,3192,3074.4,2721.6,2872.8,2704.8,1680,1932,2016,2184,2066.4,1428,1192.8,1646.4
EOL SEABRA,,,,,,,,,,,,,,,,,,,,,,,,,,,,,,,,,,,,,,,,,,,,,,,,,,,,,,,,,,,,,,,,,,,,,,,,,,,,,,,,,,,,,,,,,,,,,,,,,,,,,,,,,,,,,,,,,,,,,,,,,,,,,,,,,,,,,,,,,,,,,,,,,,,,,,,,,,,,,,,,,,,,2520,2520,2856,2184,2352,2016,1176,0,168,0,0,504,1008,1344,2520,1344,2184,2184,2688,2016,1512,504,1176,2688,1512,3024,3864,2856,5208,3192,6384,1344,1176,2520,2184,840,1176,1512,1512,2520,2856,3192,2856,2856,3108,3296.16,2856,3477.6,3381.84,2958.48,3158.4,2755.2,3457.44,3835.44,3250.8,2580.48,3126.48,2934.96,2610.72,2466.24,2541.84,2819.04,1995.84,2031.12,1313.76,1718.64,871.92,515.76,1211.28,2614.08,2901.36,3301.2,2189.04,3427.2,3314.64,3032.4,1963.92,2928.24,2278.08,2797.2,2708.16,1890,2052.96,897.12,2659.44,1720.32,2316.72,2246.16,2234.4,2677.92,2674.56,2442.72,3356.64,2568.72,2941.68,2585.52,3551.52,3654,3227.28,3144.96,3202.08,3239.04,3489.36,3153.36,2819.04,3519.6,3388.56,3460.8,3045.84,3306.24,3684.24,3044.16,2928.24,3213.84,1241.52,1943.76,2951.76,3131.52,3247.44,1184.4,2896.32,1937.04,2644.32,3356.64,2513.28,2832.48,1725.36,2459.52,2689.68,2441.04,2113.44,2133.6,2046.24,1286.88,1861.44,1631.28,2378.88,2278.08,1380.96,2467.92,2651.04,2664.48,2657.76,3309.6,2886.24,2896.32,3648.96,3516.24,2926.56,3433.92,3670.8,3724.56,3462.48,3433.92,3395.28,3060.96,2976.96,3660.72,3528,3578.4,3643.92,3069.36,3890.88,3195.36,3018.96,3338.16,3417.12,1789.2,981.12,2469.6,1535.52,3050.88,3729.6,2872.8,604.8,0,33.6,504,1646.4,1797.6,2436,3024,2520,1831.2,2654.4,2536.8,3494.4,2755.2,2906.4,3847.2,2133.6,2889.6,2604,3040.8,2688,2184,1797.6,2755.2,3696,3360,3225.6,2990.4,2604,3679.2,4149.6,2637.6,3276,3360,4200,3427.2,2990.4,3477.6,2436,2049.6,3225.6,2788.8,3292.8,3091.2,2990.4,1260,2284.8,2620.8,1125.6,1461.6,3276,3024,2368.8,1579.2,2032.8,2419.2
EOL TBA AGUIA,,,,,,,,,,,,,,,,,,,,,,,,,,,,,,,,,,,,,,,,,,,,,,,,,,,,,,,,,,,,,,,,,,,,,,,,,,,,,,,,,,,,,,,,,,,,,,,,,,,,,,,,,,,,,,,,,,,,,,,,,,,,,,,,,,,,,,,,,,,,,,,,,,,,,,,,,,,,,,,,,,,,,,,,,,,,,,,,,,,,,,,,,,,,,,,,,,,,,,,,,,,,,,,,,,,,,,,,,,,,,,,,,,,,,,,,,,,,,,,,,,,,,,,,,,,,,,,,,,,,,,,,,,,,,,,,,,,,,,,,,,,,,,,,,,,,,,,,,,,,,,,,,,,,,,,,,,,,,,,,,,,,,,,,,,,,,,,,,,789.6,1024.8,453.6,1528.8,1075.2,1478.4,1176,1512,1646.4,1444.8,1344,1159.2,924,336,1260,1764,1797.6,1108.8,1360.8,1646.4,1495.2,1377.6,1444.8,1680,2133.6,2150.4,1932,2503.2,2116.8,2503.2,2419.2,2536.8,2570.4,2755.2,3091.2,3040.8,3124.8,2956.8,2620.8,2200.8,2788.8,2956.8,3276,2973.6,2973.6,2419.2,2553.6,2856,1948.8,2116.8,2251.2,2234.4,2200.8,1612.8,1377.6,1696.8
EOL VOLTA RIO,,,,,,,,,,,,,,,,,,,,,,,,,,,,,,,,,,,,,,,,,,,,,,,0,0,0,0,0,0,0,0,0,0,0,168,504,3864,2856,3864,3528,3864,3360,3360,4368,0,0,0,0,0,1008,3024,1848,840,168,0,0,504,504,0,0,0,0,504,168,336,168,168,336,504,168,336,168,504,504,672,1344,2352,1848,2016,2016,2184,2016,2016,2184,2184,4032,3528,4536,4200,4704,1512,2016,168,4032,5208,3696,2520,2856,2856,5040,4872,4536,4536,4536,4032,4368,3528,3696,4704,3024,3192,4872,3696,1512,672,1176,1176,1176,1008,1176,1680,1512,504,1176,1512,1512,1512,2856,3024,3528,3864,3192,2016,3528,3696,2184,1008,2688,2016,1008,672,840,672,504,672,672,1176,1344,1512,1176,1848,2520,2352,2688,3360,3192,3864,3192,3024,4368,3192,1848,3528,4032,5208,3528,5040,4368,3360,1512,1848,1680,1176,1008,1512,1680,1176,840,2352,840,0,0,672,1848,1848,386.4,1747.2,157.92,3990,5201.28,5132.4,4566.24,6084.96,5916.96,5673.36,3882.48,5644.8,4811.52,5443.2,5664.96,5166,4660.32,5977.44,5508.72,4499.04,4710.72,3895.92,3774.96,4126.08,5211.36,2518.32,3833.76,3706.08,2189.04,2504.88,2829.12,1681.68,3096.24,1822.8,1537.2,2474.64,1896.72,1016.4,609.84,1234.8,1984.08,1120.56,2358.72,2054.64,934.08,2261.28,3326.4,5500.32,3469.2,3002.16,3423.84,4381.44,4231.92,4443.6,3585.12,5058.48,5389.44,4648.56,5023.2,4478.88,5379.36,5592.72,6002.64,4830,5545.68,5772.48,5569.2,4149.6,5579.28,4082.4,3032.4,4378.08,4860.24,4727.52,3559.92,4982.88,2824.08,3025.68,4885.44,4003.44,3667.44,2580.48,3981.6,2556.96,950.88,577.92,1599.36,2419.2,423.36,435.12,525.84,703.92,651.84,1204.56,1288.56,2279.76,2091.6,1249.92,1696.8,1952.16,2588.88,1537.2,2017.68,1884.96,2698.08,2787.12,3173.52,3400.32,3568.32,3860.64,3934.56,3917.76,3726.24,3953.04,4285.68,3556.56,2891.28,3986.64,3566.64,4104.24,4161.36,3391.92,2777.04,2204.16,2696.4,2556.96,3158.4,3049.2,2444.4,1159.2,1092,487.2,453.6,487.2,705.6,1024.8,1092,1260,823.2,554.4,772.8,772.8,0,117.6,1159.2,1495.2,823.2,1108.8,1276.8,1310.4,1360.8,1226.4,1377.6,1915.2,1797.6,1495.2,2116.8,1495.2,1831.2,2066.4,2100,2436,2217.6,2402.4,2604,2536.8,2452.8,2032.8,1780.8,2469.6,2402.4,2587.2,2721.6,2570.4,2116.8,2184,2318.4,1612.8,1629.6,1579.2,1915.2,1932,1041.6,722.4,924
EOL XANGRILA,,,,,,,,,,,,,,,,,,,,,,,,,,,,,,,,,,,,,,,,,,,,,,,,,,,,,,,,,,,,,,,,,,,,,,,,,,,,,,,,,,,,,,,,,,,,,,,,,,,,,,,,,,,,,,,,,,,,,,,,,,,,,,,,,,,,,,,,,,,,,,,,,,,,,,,,,,,,,,,,,,,,,,,,,,,,,,,,,,,,,,,,,,,,,,,,,,,,,,,,,,,,,,,,,,,,,,,,,,,,,,,,,,,,,,,,,,,,,,,,,,,,,,,,,,,,,,,,,,,,,,,,,,,,,,,,,,,,,,,,,,,,,,,,,,,,,,,,,,,,,,,,,,,,,,,,,,,,,,,,,,,,,,,,,,,,,,,,,,2318.4,1008,1142.4,1713.6,890.4,1596,1612.8,571.2,1344,991.2,1159.2,1394.4,638.4,840,1041.6,789.6,2268,940.8,974.4,2133.6,1999.2,1041.6,1999.2,1596,1125.6,588,1108.8,1932,1747.2,1444.8,1528.8,1159.2,1226.4,1428,806.4,1428,2251.2,2520,1142.4,2200.8,1831.2,1495.2,2688,1932,1764,1864.8,1293.6,1747.2,504,1814.4,1092,1209.6,1008,991.2,1041.6,638.4
EOL.INDIOS 2,,,,,,,,,,,,,,,,,,,,,,,,,,,,,,,,,,,,,,,,,,,,,,,,,,,,,,,,,,,,,,,,,,,,,,,,,,,,,,,,,,,,,,,,,,,,,,,,,,,,,,,,,,,,,,,,,,,,,,,,,,,,,,,,,,,,,,,,,,,,,,,,,,,,,,,,,,,,,,,,,,,,,,,,,,,,,,,,,,,,,,,,,,,,,,,,,,,,,,,,,,,,,,,,,,,,,,,,,,,,,,,,,,,,,,,,,,,,,,,,,,,,,,,,,,,,,,,,,,,,,,,,,,,,,,,,,,,,,,,,,,,,,,,,,,,,,,,,,,,,,,,,,,,,,,,,,,,,,,,,,,,,,,,,,,,,,,,,,,2654.4,1276.8,1293.6,1999.2,890.4,1848,1512,974.4,1461.6,940.8,1243.2,1764,1260,1041.6,1444.8,806.4,2368.8,756,621.6,2318.4,1344,1680,2469.6,1461.6,1092,705.6,1612.8,1932,1629.6,2083.2,1646.4,722.4,1713.6,1579.2,772.8,2167.2,2234.4,1915.2,873.6,3427.2,1747.2,2083.2,3242.4,2150.4,1646.4,2200.8,1478.4,1747.2,638.4,1948.8,1360.8,1696.8,1159.2,1327.2,1209.6,907.2
EOL.INDIOS 3,,,,,,,,,,,,,,,,,,,,,,,,,,,,,,,,,,,,,,,,,,,,,,,,,,,,,,,,,,,,,,,,,,,,,,,,,,,,,,,,,,,,,,,,,,,,,,,,,,,,,,,,,,,,,,,,,,,,,,,,,,,,,,,,,,,,,,,,,,,,,,,,,,,,,,,,,,,,,,,,,,,,,,,,,,,,,,,,,,,,,,,,,,,,,,,,,,,,,,,,,,,,,,,,,,,,,,,,,,,,,,,,,,,,,,,,,,,,,,,,,,,,,,,,,,,,,,,,,,,,,,,,,,,,,,,,,,,,,,,,,,,,,,,,,,,,,,,,,,,,,,,,,,,,,,,,,,,,,,,,,,,,,,,,,,,,,,,,,,2066.4,1008,1041.6,1646.4,705.6,1528.8,1176,756,1142.4,840,1075.2,1344,1008,856.8,1125.6,672,2049.6,638.4,487.2,1965.6,1192.8,1344,2083.2,1226.4,940.8,638.4,1276.8,1663.2,1344,1713.6,1360.8,604.8,1411.2,1310.4,638.4,1780.8,1898.4,1629.6,705.6,2721.6,1461.6,1730.4,2620.8,1747.2,1377.6,1747.2,1159.2,1411.2,504,1562.4,1108.8,1344,856.8,1075.2,907.2,705.6
MANGUE SECO 1,,,,,,,,,,,,,,,,,,,,,,,,,,,,,,,,,,,,,,,,,,,,,,,,,,,,,,,,,,,,,,,,,,,,,,,,,,,,,,,,,,,,,,,,,,,,,,,,,,,,,,,,,,,,,,,,,,,,,,,,,,,,,,,,,,,,,,,,,,,,,,,,,,,,,,,,,,,,,2184,2016,1848,2016,2184,2184,2520,2688,2184,2520,2016,1848,2184,2520,2520,2016,1848,1848,2016,1848,1848,1848,1848,1680,1680,1512,1680,1680,1512,1848,1848,2352,1848,2688,2520,2016,1008,1176,1344,1008,840,1176,1176,1344,840,1512,1008,1344,1176,1008,1344,1122.24,1374.24,1288.56,1584.24,2155.44,1795.92,1923.6,1601.04,1848,2491.44,2113.44,1565.76,2064.72,2229.36,2064.72,2140.32,1701.84,1710.24,2064.72,1990.8,1703.52,1799.28,1715.28,1548.96,1720.32,1681.68,1441.44,1505.28,1669.92,1619.52,1453.2,1453.2,1224.72,1359.12,1337.28,1097.04,1157.52,1344,1038.24,609.84,1018.08,1219.68,714,843.36,493.92,759.36,1209.6,1391.04,1411.2,1313.76,1614.48,1619.52,2150.4,1722,1708.56,1636.32,2076.48,2138.64,2078.16,2328.48,1742.16,1933.68,1426.32,2120.16,1503.6,2387.28,2439.36,1764,1842.96,1940.4,1787.52,1379.28,1695.12,1900.08,1725.36,1518.72,1706.88,1478.4,1678.32,1700.16,1708.56,1601.04,1352.4,1886.64,1086.96,903.84,354.48,0,0,288.96,693.84,462,957.6,816.48,1478.4,1044.96,1626.24,1372.56,1335.6,1241.52,1560.72,1585.92,1406.16,1283.52,1468.32,1910.16,1740.48,1426.32,2110.08,2598.96,2525.04,2014.32,1787.52,1814.4,1910.16,2098.32,2111.76,1836.24,2331.84,1913.52,2054.64,1898.4,1851.36,1680,1621.2,1735.44,1607.76,1720.32,1584.24,1557.36,806.4,772.8,436.8,1075.2,957.6,1142.4,1092,1226.4,1461.6,1411.2,1159.2,1310.4,1159.2,672,1125.6,1663.2,1663.2,1344,1176,1394.4,1192.8,1041.6,1058.4,1579.2,1797.6,2419.2,2234.4,2100,1428,2419.2,2520,2150.4,1848,2049.6,2553.6,2805.6,2284.8,1982.4,1814.4,1965.6,2251.2,2200.8,2318.4,2486.4,2469.6,1932,1780.8,1881.6,1646.4,1696.8,1780.8,1831.2,2066.4,1428,1344,1663.2
MANGUE SECO 2,,,,,,,,,,,,,,,,,,,,,,,,,,,,,,,,,,,,,,,,,,,,,,,,,,,,,,,,,,,,,,,,,,,,,,,,,,,,,,,,,,,,,,,,,,,,,,,,,,,,,,,,,,,,,,,,,,,,,,,,,,,,,,,,,,,,,,,,,,,,,,,,,,,,,,,,,,,,,2016,1680,1344,2016,2184,2016,2520,2856,2352,2520,2016,2016,1848,2520,2184,2184,2016,2184,2352,2184,2184,2016,2016,1848,1848,1848,1848,1512,1512,1680,2016,0,1680,3864,2856,2520,336,168,1344,1176,840,1176,1176,1344,840,1680,1008,1176,1176,840,1176,1369.2,1328.88,1256.64,1631.28,2187.36,1841.28,1957.2,1811.04,1644.72,2276.4,2185.68,1743.84,2034.48,2207.52,2044.56,2264.64,1933.68,1868.16,2217.6,2058,1858.08,2034.48,1853.04,1646.4,1900.08,1829.52,1604.4,1599.36,1812.72,1646.4,1599.36,1606.08,1330.56,1483.44,1399.44,1127.28,1218,1354.08,1102.08,661.92,1169.28,1394.4,712.32,809.76,483.84,772.8,1170.96,1290.24,1355.76,1224.72,1577.52,1542.24,2039.52,1651.44,1649.76,1636.32,2064.72,2469.6,2185.68,2315.04,1819.44,1958.88,1853.04,2226,1590.96,2362.08,2281.44,1893.36,1868.16,2024.4,2051.28,1412.88,1928.64,1661.52,1789.2,1740.48,1782.48,1570.8,1871.52,1725.36,1933.68,1893.36,1532.16,2000.88,1340.64,1028.16,789.6,0,0,433.44,697.2,492.24,1028.16,882,1458.24,1053.36,1584.24,1466.64,1417.92,1271.76,1498.56,1565.76,1397.76,1239.84,1402.8,2000.88,1676.64,1417.92,2103.36,2577.12,2526.72,1997.52,1859.76,1834.56,1900.08,2106.72,2133.6,1900.08,2293.2,2058,2158.8,2054.64,1149.12,1863.12,1826.16,1932,1785.84,1913.52,1732.08,1538.88,856.8,856.8,470.4,1276.8,1008,1092,1176,1176,1444.8,1428,1243.2,1478.4,1176,705.6,1159.2,1663.2,1680,1377.6,1176,1428,1176,1058.4,1159.2,1495.2,1612.8,2402.4,2049.6,2016,1444.8,2284.8,2469.6,2066.4,1948.8,2049.6,2520,2755.2,2301.6,2083.2,1915.2,2066.4,2368.8,2335.2,2251.2,2520,2469.6,2150.4,1999.2,1982.4,1848,1848,1730.4,1848,2116.8,1747.2,1596,1965.6
MANGUE SECO 3,,,,,,,,,,,,,,,,,,,,,,,,,,,,,,,,,,,,,,,,,,,,,,,,,,,,,,,,,,,,,,,,,,,,,,,,,,,,,,,,,,,,,,,,,,,,,,,,,,,,,,,,,,,,,,,,,,,,,,,,,,,,,,,,,,,,,,,,,,,,,,,,,,,,,,,,,,,,,2016,2016,1512,2016,2184,2016,2352,840,1008,2520,2184,1848,2184,2520,2520,2184,1848,1848,2184,2016,2016,2016,1848,1680,1848,1680,1680,1680,1512,1680,1848,3696,2688,4032,3360,2688,1176,1680,1344,1008,840,1176,1176,1176,840,1512,1008,1176,1008,840,1344,1332.24,1263.36,1231.44,2088.24,2160.48,1774.08,1925.28,1881.6,2138.64,2474.64,2380.56,1674.96,2031.12,2352,2066.4,2140.32,1782.48,1913.52,2145.36,2014.32,1826.16,1871.52,1733.76,1601.04,1758.96,1895.04,1495.2,1614.48,1958.88,1582.56,1443.12,1454.88,1191.12,1365.84,1352.4,1066.8,1125.6,1291.92,996.24,569.52,1051.68,1254.96,650.16,745.92,475.44,675.36,1092,1206.24,1315.44,1184.4,1508.64,1515.36,1980.72,1617.84,1651.44,1575.84,2039.52,2457.84,2170.56,2254.56,1703.52,1979.04,2076.48,2298.24,1802.64,2368.8,2605.68,1923.6,1831.2,1900.08,1842.96,1320.48,1758.96,1564.08,1464.96,1290.24,1490.16,1357.44,1459.92,1522.08,1471.68,1441.44,1345.68,1508.64,1006.32,994.56,831.6,937.44,0,522.48,656.88,453.6,960.96,818.16,1360.8,1016.4,1580.88,1384.32,1246.56,1258.32,1433.04,1491.84,1344,1251.6,1414.56,1990.8,1705.2,1438.08,2115.12,2647.68,2451.12,1963.92,1799.28,1846.32,1856.4,2037.84,2073.12,1858.08,2358.72,1995.84,2128.56,1974,1937.04,1688.4,1696.8,1782.48,1666.56,1794.24,1638,1473.36,823.2,772.8,420,1108.8,907.2,1041.6,1058.4,1142.4,1411.2,1344,1159.2,1360.8,1125.6,688.8,1125.6,1713.6,1646.4,1260,1092,1226.4,1159.2,991.2,1008,1478.4,1780.8,2402.4,2167.2,2016,1377.6,2301.6,2469.6,1999.2,1831.2,2049.6,2536.8,2688,2234.4,2016,1814.4,1999.2,2318.4,2251.2,2268,2486.4,2419.2,1999.2,1864.8,1881.6,1663.2,1713.6,1747.2,1814.4,2066.4,1629.6,1478.4,1797.6
MANGUE SECO 5,,,,,,,,,,,,,,,,,,,,,,,,,,,,,,,,,,,,,,,,,,,,,,,,,,,,,,,,,,,,,,,,,,,,,,,,,,,,,,,,,,,,,,,,,,,,,,,,,,,,,,,,,,,,,,,,,,,,,,,,,,,,,,,,,,,,,,,,,,,,,,,,,,,,,,,,,,,,,2016,2016,1680,1848,2184,2016,2520,1848,2016,2520,1848,2016,2520,2352,1344,2352,2016,1848,2016,2016,1176,2184,2016,1848,2016,1848,2016,1848,1176,2184,1848,1848,1680,1848,1512,1344,1344,1512,1344,1008,840,1344,1344,1344,840,1680,1176,1344,1344,840,1512,1488.48,1441.44,1397.76,692.16,0,1738.8,2088.24,2032.8,2323.44,2666.16,2506.56,1854.72,2237.76,2399.04,2355.36,2388.96,2064.72,2147.04,2405.76,2199.12,2016,2032.8,1884.96,1718.64,1938.72,2220.96,1631.28,1728.72,2136.96,1716.96,1594.32,1572.48,1352.4,1575.84,1438.08,1038.24,1243.2,1360.8,1043.28,593.04,1194.48,1359.12,708.96,932.4,589.68,829.92,1204.56,1463.28,1594.32,1375.92,1678.32,1750.56,2273.04,1821.12,1861.44,1774.08,2257.92,2583.84,2429.28,2526.72,1780.8,2226,2170.56,2551.92,2029.44,2541.84,2817.36,2185.68,2115.12,2017.68,2086.56,1446.48,2056.32,2281.44,1928.64,1760.64,2135.28,1532.16,2046.24,2234.4,2059.68,1881.6,1562.4,2093.28,1426.32,1008,883.68,1333.92,1431.36,666.96,697.2,462,1103.76,947.52,1456.56,1169.28,1785.84,1688.4,1567.44,1411.2,1632.96,1715.28,1464.96,1449.84,1594.32,2185.68,1910.16,1646.4,2395.68,2845.92,2698.08,2236.08,2101.68,2061.36,2084.88,2294.88,2412.48,2051.28,2572.08,2284.8,2387.28,2227.68,2241.12,1792.56,1752.24,1967.28,1809.36,1987.44,1767.36,1570.8,705.6,890.4,420,1276.8,991.2,1159.2,1159.2,1276.8,1512,1360.8,1243.2,1344,1226.4,823.2,1293.6,1982.4,1831.2,1394.4,1226.4,1545.6,1310.4,1159.2,1092,1612.8,2016,2587.2,2268,2234.4,1629.6,2318.4,2637.6,2217.6,2200.8,2150.4,2688,2822.4,2452.8,2335.2,2016,2116.8,2536.8,2503.2,2553.6,2671.2,2704.8,2301.6,2167.2,2116.8,1696.8,1797.6,1915.2,2016,2150.4,1764,1612.8,2049.6
NOV.HORIZONTE,,,,,,,,,,,,,,,,,,,,,,,,,,,,,,,,,,,,,,,,,,,,,,,,,,,,,,,,,,,,,,,,,,,,,,,,,,,,,,,,,,,,,,,,,,,,,,,,,,,,,,,,,,,,,,,,,,,,,,,,,,,,,,,,,,,,,,,,,,,,,,,,,,,,,,,,,,,,,,,,,,,,2856,1848,3360,2856,2520,2688,1680,0,168,0,672,1512,1848,1344,2352,1344,2016,2352,2520,2016,1344,504,1344,2688,840,2184,1848,1848,2520,1680,1848,1344,1176,2688,1848,672,1512,1848,2184,2688,3192,2856,2688,2688,3207.12,2399.04,2504.88,3134.88,3444,2770.32,3889.2,2891.28,3494.4,4223.52,3396.96,2353.68,3207.12,3286.08,2985.36,2814,2733.36,2829.12,2709.84,3188.64,1357.44,1668.24,856.8,451.92,1113.84,2382.24,2553.6,3146.64,2118.48,3756.48,3549.84,2985.36,2152.08,2830.8,2185.68,2708.16,2728.32,1920.24,2116.8,918.96,2676.24,1584.24,2600.64,2590.56,2160.48,2521.68,2503.2,2382.24,3561.6,3050.88,3069.36,2454.48,3486,3630.48,3769.92,3475.92,3148.32,3375.12,3795.12,3222.24,2842.56,3931.2,3620.4,3771.6,3087.84,3553.2,4026.96,3235.68,3218.88,3433.92,1100.4,1945.44,2840.88,3146.64,3402,1189.44,2960.16,1737.12,2528.4,3437.28,2523.36,2829.12,1769.04,1992.48,2688,2983.68,2069.76,2017.68,2044.56,1374.24,1678.32,1905.12,2189.04,2063.04,1478.4,2306.64,2652.72,2852.64,2395.68,3240.72,2913.12,2679.6,3699.36,3329.76,2849.28,3398.64,3533.04,3627.12,2755.2,3590.16,3242.4,2758.56,2960.16,3593.52,3699.36,3502.8,3606.96,2997.12,3963.12,3029.04,2985.36,3396.96,3376.8,1676.64,1036.56,2469.6,2167.2,3144.96,3832.08,2973.6,520.8,0,33.6,470.4,1596,1243.2,2032.8,2973.6,2167.2,1478.4,2469.6,2032.8,3124.8,2520,2520,3729.6,2066.4,2604,2436,2856,2520,1831.2,1411.2,2637.6,3645.6,3880.8,3376.8,2704.8,2402.4,3914.4,4368,2251.2,2772,3141.6,4368,3427.2,3259.2,3494.4,2368.8,2184,3511.2,2755.2,3292.8,4048.8,3276,1226.4,2368.8,2587.2,1075.2,1478.4,3544.8,3057.6,2486.4,1562.4,2016,2520
PEDRO LAGO,,,,,,,,,,,,,,,,,,,,,,,,,,,,,,,,,,,,,,,,,,,,,,,,,,,,,,,,,,,,,,,,,,,,,,,,,,,,,,,,,,,,,,,,,,,,,,,,,,,,,,,,,,,,,,,,,,,,,,,,,,,,,,,,,,,,,,,,,,,,,,,,,,,,,,,,,,,,,,,,,,,,,,,,,,,,,,,,,,,,,,,,,,,,,,,1680,2184,1008,2352,504,504,2016,2184,1344,2352,1512,1344,1344,1848,168,2520,2520,2934.96,2172.24,2430.96,1550.64,1355.76,0,0,1486.8,3183.6,3348.24,2845.92,1508.64,1926.96,2713.2,2755.2,2294.88,2153.76,2054.64,1955.52,2498.16,927.36,1122.24,929.04,159.6,164.64,1377.6,1780.8,1779.12,1550.64,2464.56,2741.76,2012.64,834.96,1715.28,1587.6,2425.92,1800.96,1073.52,1407.84,329.28,1281.84,1244.88,2609.04,1821.12,1921.92,2331.84,1752.24,2136.96,3736.32,4480.56,4114.32,846.72,2370.48,1438.08,2909.76,1456.56,2562,2142,3049.2,2588.88,2029.44,3457.44,2617.44,2219.28,2681.28,3677.52,2765.28,2115.12,2110.08,2583.84,878.64,1522.08,2004.24,2429.28,2241.12,599.76,2029.44,1748.88,2296.56,2669.52,2034.48,2249.52,1322.16,2227.68,1790.88,2054.64,1648.08,1601.04,1997.52,729.12,1132.32,1199.52,2518.32,1063.44,1476.72,2387.28,2410.8,3116.4,2795.52,2575.44,2397.36,2834.16,3593.52,3077.76,2871.12,3035.76,3171.84,3309.6,2780.4,3622.08,2862.72,2871.12,2600.64,1972.32,2563.68,2269.68,1552.32,2269.68,2850.96,1911.84,1829.52,1762.32,2249.52,0,650.16,0,0,0,0,0,,,,,,,,,,,,,,,,,,,,,,,,,,,,,,,,,,,,,,,,,,,,,,,,,,,,,,,,
REI VENTOS 1,,,,,,,,,,,,,,,,,,,,,,,,,,,,,,,,,,,,,,,,,,,,,,,,,,,,,,,,,,,,,,,,,,,,,,,,,,,,,,,,,,,,,,,,,,,,,,,,,,,,,,,,,,,,,,,,,,,,,,,,,,,,,,,,,,,,,,,,,,,,,,,,,,,,,,,,,,,,,,,,,,,,,,,,,,,,,,,,,,,,,,,,,,,,,,,,,,,,,,,,,,,,,,,,,,,,,,,,,,,,,,,,,,,,,,,,,,,,,,,,,,,,,,,,,,,,,,,,,,,,,,,,,,,,,,,,,,,,,,,,,,,,,,,,,,,,,,,,,,,,,,,,,,,,,,,,,,,,,,,,,,,,,,,,,,,,,,,,,,2822.4,2284.8,2116.8,3326.4,3074.4,2839.2,3292.8,3040.8,3578.4,3813.6,3561.6,3796.8,3242.4,2536.8,3175.2,3343.2,3024,2721.6,2469.6,2520,2368.8,2318.4,2436,3242.4,3528,4737.6,3544.8,3981.6,3444,5880,6300,5812.8,3981.6,2755.2,4838.4,5577.6,4636.8,4670.4,3897.6,4233.6,4586.4,4737.6,4502.4,4754.4,4989.6,4603.2,4267.2,4267.2,3981.6,4032,3444,3528,3645.6,3494.4,3528,3847.2
REI VENTOS 3,,,,,,,,,,,,,,,,,,,,,,,,,,,,,,,,,,,,,,,,,,,,,,,,,,,,,,,,,,,,,,,,,,,,,,,,,,,,,,,,,,,,,,,,,,,,,,,,,,,,,,,,,,,,,,,,,,,,,,,,,,,,,,,,,,,,,,,,,,,,,,,,,,,,,,,,,,,,,,,,,,,,,,,,,,,,,,,,,,,,,,,,,,,,,,,,,,,,,,,,,,,,,,,,,,,,,,,,,,,,,,,,,,,,,,,,,,,,,,,,,,,,,,,,,,,,,,,,,,,,,,,,,,,,,,,,,,,,,,,,,,,,,,,,,,,,,,,,,,,,,,,,,,,,,,,,,,,,,,,,,,,,,,,,,,,,,,,,,,1579.2,1159.2,823.2,2234.4,2133.6,2100,2570.4,2419.2,2940,2822.4,2553.6,2755.2,2318.4,1310.4,2318.4,3326.4,3276,2856,2486.4,2889.6,2536.8,2352,2251.2,3444,3729.6,5140.8,3897.6,4536,3612,6316.8,6703.2,6081.6,3427.2,2587.2,4989.6,5544,4653.6,4300.8,3544.8,3796.8,4284,4200,4284,4687.2,4670.4,4032,3796.8,3796.8,3561.6,3595.2,3175.2,3175.2,3360,3175.2,3074.4,3410.4
ST GAMELEIRAS,,,,,,,,,,,,,,,,,,,,,,,,,,,,,,,,,,,,,,,,,,,,,,,,,,,,,,,,,,,,,,,,,,,,,,,,,,,,,,,,,,,,,,,,,,,,,,,,,,,,,,,,,,,,,,,,,,,,,,,,,,,,,,,,,,,,,,,,,,,,,,,,,,,,,,,,,,,,,,,,,,,,,,,,,,,,,,,,,,,,,,,,,,,,,,,,,,,672,504,2016,2688,1680,2184,1848,1176,1176,1344,168,2520,2688,2824.08,2377.2,2620.8,1559.04,1723.68,0,0,1347.36,3092.88,3269.28,2958.48,1816.08,2000.88,2679.6,2615.76,2610.72,2399.04,2303.28,2205.84,2738.4,1140.72,1470,1228.08,226.8,850.08,2079.84,2074.8,1970.64,1747.2,2659.44,2886.24,2394,818.16,1762.32,1584.24,1940.4,2031.12,1577.52,1622.88,,,,,,,,,,,,,,,,,,,,,,,,,,,,,,,,,,,,,,,,,,,,,,,,,,,,,,,,,,,,,,,,,,,,,,,,,,,,,,,,,,,,,,,,,,,,,,,,,,,,,,,,,,,,,,,,,,,,,,,,,,,,,,,,,,,,,,,,,,,,,,,,,,,
TBA.ANDORINHA,,,,,,,,,,,,,,,,,,,,,,,,,,,,,,,,,,,,,,,,,,,,,,,,,,,,,,,,,,,,,,,,,,,,,,,,,,,,,,,,,,,,,,,,,,,,,,,,,,,,,,,,,,,,,,,,,,,,,,,,,,,,,,,,,,,,,,,,,,,,,,,,,,,,,,,,,,,,,,,,,,,,,,,,,,,,,,,,,,,,,,,,,,,,,,,,,,,,,,,,,,,,,,,,,,,,,,,,,,,,,,,,,,,,,,,,,,,,,,,,,,,,,,,,,,,,,,,,,,,,,,,,,,,,,,,,,,,,,,,,,,,,,,,,,,,,,,,,,,,,,,,,,,,,,,,,,,,,,,,,,,,,,,,,,,,,,,,,,,554.4,688.8,302.4,1008,722.4,1024.8,789.6,1008,1142.4,957.6,873.6,772.8,672,252,806.4,1176,1293.6,739.2,890.4,1092,1041.6,924,940.8,1226.4,1528.8,1360.8,1293.6,1764,1444.8,1461.6,1612.8,1730.4,1696.8,1864.8,1965.6,1932,1932,1881.6,1629.6,1344,1730.4,1730.4,1864.8,1680,2032.8,1612.8,1780.8,1881.6,1276.8,1428,1545.6,1512,1545.6,1108.8,924,1192.8
EOLICA R.FOGO,,,,,,,,,,,,,,,,,,,,,,,,,,,,,,,,,,,,,,47.04,80.64,285.6,416.64,482.16,31.92,703.92,1251.6,675.36,1246.56,1315.44,1853.04,2635.92,2340.24,2226,2778.72,3756.48,2750.16,3440.64,3144.96,3428.88,4171.44,3978.24,3793.44,4779.6,5040,3360,3192,3696,2520,3360,3360,3528,3192,2352,3528,1512,2184,2688,2856,2688,2184,2520,1344,1176,2352,2856,2520,1680,2856,3528,2352,1512,1176,1680,2016,1344,1680,2016,1008,1680,2520,1848,1008,1344,2520,1512,3696,3528,3360,4032,4536,4368,4536,4704,4872,5544,4368,4368,3864,4536,3696,3864,2520,2856,3696,2856,4536,,,,,,,,,,,,,,,,,,,,,,,,,,,,,,,,,,,,,,,,,,,,,,,,,,,,,,,,,,,,,,,,,,,,,,,,,,,,,,,,,,,,,,,,,,,,,,,,,,,,,,,,,,,,,,,,,,,,,,,,,,,,,,,,,,,,,,,,,,,,,,,,,,,,,,,,,,,,,,,,,,,,,,,,,,,,,,,,,,,,,,,,,,,,,,,,,,,,,,,,,,,,,,,,,,,,,,,,,,,,,,,,,,,,,,,,,,,,,,,,,,,,,,,,,,,,,,,,,,,,,,,,,,,,